motorcyclist 0 0 2.3828179823985054 8.670218 249.139923 54.685828 301.510773 1.480709 0.66943 1.116884 -30.5945231285 -7.95937439655 70.7916679201 1.97488418039
motorcyclist 0 0 4.407246875077861 1741.40686 528.358337 1812.031982 659.205078 1.259038 0.260034 1.818351 10.7844772409 1.03220166678 29.0466699463 4.7627530898
car 0 1 2.731817818200813 1616.496094 394.941345 1887.059448 489.944275 1.356595 1.85419 4.269412 14.5491244844 -1.38970817318 40.4844131735 3.07682083762
car 0 0 -1.379540673972553 524.44165 665.765564 773.039795 873.107788 0.651214 1.644631 4.2751 -3.06437023749 2.19194640456 21.6057467154 -1.52043221738
motorcyclist 0 0 2.1754534716258593 174.968109 233.060074 211.690521 279.179352 1.433802 0.341907 1.580972 -28.2151054859 -9.63323084778 78.8826767926 1.83194930241
car 2 0 -1.0908823280380706 0 911.473328 194.061966 1079.0 0.956994 1.427341 4.122164 -6.9758755124 3.98888719978 15.2286305157 -1.52043221738
car 0 1 2.359880788389406 228.380188 465.408203 538.53064 638.12146 1.333077 1.927817 3.641171 -7.71302731574 0.493667231815 28.963392067 2.09961830102
car 0 0 2.780713692538374 733.661133 408.726959 1003.13794 515.646667 1.195 1.789184 4.275334 -1.72684652517 -1.01483228585 37.4745341667 2.73466573364
van 0 0 4.629656570858614 1159.164429 662.645081 1386.390015 926.027222 0.963773 1.742819 4.599425 2.80635091463 2.47562711791 20.9604287738 4.7627530898
car 0 1 4.505635178106486 1438.553711 700.700195 1662.134155 905.782837 0.547964 1.239205 4.297557 5.62305651683 2.43528372449 21.3854965876 4.7627530898
car 2 0 4.583707141894665 1138.698853 921.813293 1489.032837 1079.0 1.384017 1.815952 4.326823 2.25714272204 4.53674155071 15.4581643264 4.72869871354
car 2 0 -1.5031177751884401 677.847839 971.191711 990.399475 1079.0 0.386868 1.723575 4.272585 -0.733327561585 3.74499104102 14.2631745496 -1.55448659364
van 0 0 -1.5247346905787125 869.812317 582.312195 1064.990601 843.322754 1.113668 1.788439 5.384728 0.098934769714 1.92697560373 22.9947182947 -1.52043221738
bus 2 0 4.306143096875707 1551.333862 775.438354 1919.0 1079.0 2.474056 2.688622 10.094481 5.41492334196 4.95472804105 11.0348569334 4.76233175905
car 0 0 3.517661630909333 308.001892 301.655884 476.584076 362.523255 1.178236 1.795665 3.684203 -14.6122982933 -4.83558940453 55.0729890754 3.25831127556
car 1 0 2.7693545035229876 1820.181885 326.607239 1919.0 405.61792 1.431798 1.857937 2.918941 21.3303309486 -3.44265786913 49.5923478887 3.17554822107
car 0 0 -1.2650023610275127 260.493652 641.283997 520.013549 831.240723 0.673317 1.404596 4.153199 -5.91218555271 1.98303430804 22.6404377473 -1.52043221738
car 0 0 0 1054.71630771 115.96640771 1070.85496549 131.754225107 0 0 0 0.0 0.0 0.0 0.0
van 0 0 0 1008.96006183 100.419793079 1023.17234601 118.083631988 0 0 0 0.0 0.0 0.0 0.0
trafficcone 0 0 0 1393.14384105 281.945573535 1404.00585942 305.943055978 0 0 0 0.0 0.0 0.0 0.0
trafficcone 0 0 0 1786.14959453 290.237672712 1796.60744477 323.429980007 0 0 0 0.0 0.0 0.0 0.0
