car 0 0 -1.264952976958005 259.828766 642.415527 517.950806 832.009277 0.66484 1.384754 4.155899 -5.9180250578 1.98569682578 22.606117925 -1.52099569639
motorcyclist 0 0 1.94335171523123 188.763123 230.418503 223.184479 275.245972 1.397868 0.547425 1.66059 -28.0123749594 -9.86012881768 79.6105180729 1.60501393384
car 2 0 -1.4682318015450506 677.673157 971.634644 988.442505 1079.0 0.792964 1.760899 4.288976 -0.826520847944 4.39118142349 15.6499759675 -1.52099569639
car 1 0 2.711688368043634 1702.768066 393.097137 1919.0 488.51474 1.331744 2.163963 4.360519 16.3345714892 -1.43889358496 40.5964207025 3.09423171879
car 0 1 4.53527666670296 1440.038818 698.731262 1691.96997 910.588562 0.687247 1.659019 3.933583 5.71621496781 2.49985090293 21.2043279691 4.79859489737
motorcyclist 0 0 2.259063804925936 8.284698 248.97319 52.910675 300.713592 1.463 0.671044 1.123203 -30.6265713324 -7.98182194371 70.7835005641 1.85070655475
car 0 0 2.8076741176491358 799.008484 405.819305 1064.687256 511.636413 1.186686 2.135261 4.154518 -0.661697610112 -1.09595058601 37.9424922866 2.79023639808
car 0 0 2.4558625789277055 276.931427 459.817627 582.888123 631.067993 1.405452 2.140352 3.44064 -7.32682434274 0.447526075012 29.8057958399 2.21482303757
van 0 0 -1.5234460976631217 867.906799 581.377197 1062.565796 843.762878 1.335715 1.783263 4.469881 0.0552814223005 2.02853350971 22.5601056957 -1.52099569639
car 2 0 -1.0902393087706082 0 909.82251 189.977249 1079.0 0.997424 1.407571 4.131217 -7.00459506882 4.01833126195 15.2427286061 -1.52099569639
car 0 0 3.4393938427190003 399.696075 306.56485 569.016601 367.361603 1.137168 2.170583 3.657939 -12.1986127586 -4.71342896475 54.7801547814 3.22028578383
car 2 1 2.2828871835497564 0 616.497131 100.356209 934.329467 1.429694 2.087414 3.965513 -10.0308870903 2.3946603032 19.6612032425 1.81112335548
motorcyclist 0 0 4.590723384896414 1742.98877 529.251526 1812.46814 658.703247 1.233031 0.563201 1.786974 10.8044960121 1.02181902951 29.0611732722 4.94667207848
van 0 0 4.6284991952400105 1161.271362 664.576843 1386.390625 923.905945 0.932335 1.716966 4.562915 2.81179295861 2.45704730051 20.9066679029 4.76218961079
car 2 0 4.61950264481414 1139.087891 921.464905 1470.926026 1079.0 0.929333 1.86181 4.105133 2.19801617739 4.04963305007 15.2997787019 4.76218961079
car 0 0 -1.3385784113619414 522.272278 664.45105 772.10907 875.717835 0.689368 1.50237 4.200658 -3.06564345311 2.20515496322 21.4932306531 -1.48025577561
bus 2 0 4.2622699157675825 1548.853516 778.493835 1919.0 1079.0 2.571028 2.921086 11.299365 5.27254716054 5.12129991001 9.65317524183 4.76218961079
trafficcone 0 0 0 1785.86274387 288.274247924 1795.02927695 322.539621591 0 0 0 0.0 0.0 0.0 0.0
trafficcone 0 0 0 1394.65396876 279.930083809 1403.16574948 307.429683057 0 0 0 0.0 0.0 0.0 0.0
car 0 0 0 1054.43668145 115.358256415 1071.74012931 132.282796663 0 0 0 0.0 0.0 0.0 0.0
van 0 0 0 1010.45664188 101.164518521 1023.7184085 118.467966388 0 0 0 0.0 0.0 0.0 0.0
