van 0 0 -1.5274970253909876 867.601318 581.891296 1064.375488 849.636963 1.163465 1.820068 5.453571 0.0863358156595 1.97879262858 23.0518989779 -1.52375176293
car 0 0 -1.2904539681405005 260.286682 640.987732 519.975647 832.993591 0.615359 1.411675 4.398018 -5.86434953827 1.94451576515 22.481243782 -1.54562291694
car 0 0 2.8227422271878133 1685.067261 323.794952 1884.183594 401.431976 1.41101 1.761876 3.819038 18.6697500994 -3.54244557687 49.7688745922 3.18162602277
motorcyclist 0 0 2.4618785697115024 154.060089 233.099487 194.021362 281.444885 1.513654 0.223903 1.442587 -28.5854866836 -9.43542951416 77.9854291748 2.11053743813
motorcyclist 0 0 2.351095210589746 9.222229 249.002151 53.802895 302.153747 1.516229 0.8022 0.927805 -30.6170787613 -7.93807001014 70.8322229503 1.94310158901
motorcyclist 0 0 4.411047882865842 1741.641602 528.913818 1813.275147 658.563354 1.261356 0.306736 1.722905 10.7729925386 1.03337974616 28.9884689821 4.76686100088
van 0 0 4.595650874635978 1159.944946 663.268372 1385.808838 919.927063 0.871773 1.5713 4.79025 2.81710880882 2.41328794891 21.034169391 4.72878872245
car 0 0 2.8061309828138987 652.992065 410.367981 925.484863 523.08844 1.241898 1.841167 4.220122 -3.03719778905 -0.895640783701 36.8465792588 2.7238886933
car 0 1 2.748772486426155 1513.378052 397.103546 1780.74292 489.550873 1.273167 1.969956 4.251597 12.5944181146 -1.41642269931 40.4661345912 3.05050314893
car 2 0 -1.4069904326545486 641.591736 966.947815 988.097412 1079.0 0.983664 1.577821 4.203954 -0.857860330121 4.31145179615 14.4226329569 -1.4664005836
car 0 0 2.30352314804097 162.488663 480.275818 479.471512 667.95105 1.385046 1.793102 3.733791 -8.18339377488 0.784263415252 27.8160703197 2.01739902573
car 2 0 -1.0762970351476118 0 908.231628 192.974579 1079.0 1.006653 1.370739 4.384286 -7.08678051624 4.08365341681 15.3820827511 -1.50802704549
car 0 1 4.508510411807594 1438.206055 698.010925 1664.421997 912.787597 0.660815 1.280976 4.198305 5.61161409875 2.5003420064 21.3188930485 4.76589462459
car 0 0 3.577451620657752 191.604599 301.69574 359.411102 362.237458 1.160822 1.985617 3.525118 -17.7274451161 -4.89465605209 55.5428035923 3.26850423573
car 0 0 -1.388388546494781 525.608521 664.415161 772.80951 874.99414 0.711745 1.67658 4.175377 -3.0552642602 2.22082723301 21.5625896428 -1.52914438495
car 2 0 4.5726940133614775 1141.652466 923.533203 1485.805908 1079.0 0.920526 1.758628 4.174562 2.2551211877 4.05738284725 15.3089055212 4.71894996802
bus 2 0 4.285432293726631 1549.385742 775.132385 1919.0 1079.0 2.596021 2.913191 10.72695 5.24447761145 5.06715659188 9.94009855359 4.77092175311
trafficcone 0 0 0 1392.05111925 279.587660271 1403.57476084 304.206349123 0 0 0 0.0 0.0 0.0 0.0
trafficcone 0 0 0 1782.94351802 289.629990115 1795.20048225 321.686665811 0 0 0 0.0 0.0 0.0 0.0
car 0 0 0 1053.55830086 116.172309592 1069.24086614 130.802353713 0 0 0 0.0 0.0 0.0 0.0
van 0 0 0 1008.23252964 101.198722565 1022.33631318 117.933809005 0 0 0 0.0 0.0 0.0 0.0
pedestrian 0 0 0 1296.96098088 149.809998681 1308.58938285 178.723863035 0 0 0 0.0 0.0 0.0 0.0
