truck 1 1 3.6511444136349662 0 188.230011 288.557526 377.679077 3.938329 3.062728 10.549956 -22.6894486356 -4.55450410196 54.0448991872 3.25366442214
car 0 0 -1.390289106899346 523.977905 663.75 772.948547 875.965454 0.734176 1.702314 4.145009 -3.05758245517 2.23030104952 21.531604389 -1.53135036904
car 0 0 3.567102634139807 157.889633 311.523621 368.686523 405.510743 1.679375 1.873575 4.006034 -15.8500585601 -3.42783290028 48.9014138012 3.25366442214
car 0 1 4.5088502673464985 1439.153931 700.176819 1665.193116 915.805359 0.672921 1.286166 4.177585 5.62643096098 2.53261952376 21.3419629631 4.76661761785
car 2 0 4.583985926473474 1144.923706 972.381165 1512.717163 1079.0 0.800387 1.826744 4.248971 2.223064317 4.19245064926 14.554351834 4.7355566876
van 0 0 -1.5202387790195753 868.220886 580.410095 1063.543213 839.169555 1.0811 1.766281 5.454114 0.084542072602 1.88253747305 23.029045881 -1.51656768933
bus 2 0 4.325119727286717 1541.65686 776.131409 1919.0 1079.0 2.856669 2.963033 8.023455 5.29171932031 5.03279613927 11.1967591631 4.76661761785
car 0 1 2.7001160860894347 68.234108 488.535187 414.601326 636.334107 1.052485 1.764098 4.052805 -9.83679115216 0.50032304541 29.5723477702 2.37899436877
car 0 0 -1.5271182624036874 1046.434326 176.009628 1082.662597 211.069626 1.508605 1.753652 4.19981 5.19500968434 -17.758333559 116.906942296 -1.48271034128
car 0 0 -1.3078522231116636 258.939331 637.990906 521.181824 833.044373 0.720945 1.56648 4.207397 -5.89957109885 1.99423716787 22.6091625329 -1.56309791866
van 0 0 4.632872988117316 1160.279053 666.9151 1388.073975 930.915893 0.966387 1.757137 4.540977 2.80772023336 2.50981138361 20.8678216926 4.76661761785
truck 1 1 2.834705106834885 1127.263916 229.998383 1919.0 478.591217 3.938427 3.302071 18.743835 12.5336650787 -1.75943846171 41.329054525 3.12915482325
car 0 2 3.1473115078821903 1261.32312 347.987762 1476.190185 419.868469 1.061674 1.770108 4.349611 8.46031852428 -2.97007897644 45.9147354917 3.32952912898
car 2 0 -1.077307970141455 0 905.9599 195.446518 1079.0 0.998266 1.33197 4.131142 -6.95485934617 3.99411711784 15.2532014539 -1.50510768879
car 0 2 3.3007146784528087 1049.853394 329.404938 1250.940674 396.157471 1.082229 1.714317 4.388229 4.21329363466 -3.73978733875 50.155518613 3.3845224977
car 0 0 2.817766405592598 1136.344482 432.787994 1423.347412 544.190796 1.274166 1.891808 4.226672 5.05106423321 -0.484347653315 35.5516953823 2.95889845106
car 2 0 -1.4641339977131058 666.001831 968.326538 997.001709 1079.0 0.368819 1.709585 4.181091 -0.752286091042 3.71350569012 14.3342290686 -1.51656768933
car 0 1 3.4931832237180775 348.752777 294.871826 527.184265 359.312958 1.313885 1.790574 4.134369 -13.908649596 -5.07653155149 56.9544034289 3.25366442214
van 0 1 0 966.819823835 93.0912587778 994.464923609 105.822554726 0 0 0 0.0 0.0 0.0 0.0
