car 0 0 2.7969166997322468 899.325256 398.923462 1158.724609 508.087708 1.343133 1.840637 4.216723 1.05252965108 -1.13012117297 38.5853559321 2.82418789328
car 2 0 -1.467570467705658 671.318176 969.100281 990.506714 1079.0 0.595345 1.727058 4.231418 -0.797596658072 4.05200443902 14.9603387869 -1.5208341178
car 0 0 -1.3794888353304775 523.496216 662.671265 771.928223 872.005921 0.676784 1.643578 4.270848 -3.07588949103 2.18492458135 21.6164149841 -1.5208341178
car 0 0 4.629360502599952 1158.165894 665.217102 1386.893555 930.747498 0.994836 1.753977 4.514335 2.79378467971 2.51700945699 20.8833754806 4.76235118938
car 2 1 2.315553374845302 0 564.404785 220.558746 868.52771 1.693264 1.344328 4.510304 -9.76991286625 2.20883894825 22.4366199734 1.90486912848
motorcyclist 0 0 2.133725990392268 6.295546 249.221375 54.474215 302.059113 1.494486 0.854642 1.14883 -30.6377413741 -7.94360324915 70.7989107332 1.72531517571
car 0 0 2.4997474119636776 345.002655 447.03244 649.126404 611.99591 1.418201 1.887271 3.819986 -6.65057118333 0.235388286709 30.9553888703 2.28812062309
bus 2 0 4.331454017226342 1549.895264 774.036316 1919.0 1079.0 2.59822 2.919157 8.795015 5.26871889143 4.86519025147 10.9042317789 4.7815562153
car 2 0 4.630546461860108 1140.475708 918.847168 1468.529053 1079.0 1.203454 1.870227 4.148272 2.19980937659 4.31315696078 15.3841878485 4.77257526551
car 2 1 2.403163074345445 0 548.184448 96.011398 755.014465 1.212491 1.228169 4.445365 -12.5944627603 1.53790656937 25.9869168037 1.95187370775
car 2 0 -1.0902839450495956 0 910.854065 193.844482 1079.0 0.950199 1.383245 4.374987 -7.04582967982 4.03977610503 15.3407964768 -1.5208341178
car 0 0 3.35733575654694 548.867615 305.618103 718.339234 369.826294 1.2678 1.718406 3.908013 -8.40480812145 -4.61062061603 54.6034659828 3.20460994944
trafficcone 0 0 3.186718541943478 1738.299072 291.367523 1746.09851 310.659118 0.533339 0.226036 0.174935 24.0559502319 -7.25300198264 67.3081833671 3.5299705905
trafficcone 0 0 2.8369354161995184 1828.941528 328.064972 1838.863159 343.993164 0.388417 0.209883 0.170477 24.0110624346 -5.60431280498 60.0541057416 3.21728991153
motorcyclist 0 0 4.560118842863111 1742.479492 529.284668 1812.453125 660.965515 1.251489 0.506813 1.871377 10.8378155315 1.04556195935 29.163515976 4.9159250383
car 0 1 4.504811227181872 1437.400269 700.446716 1665.853882 901.299011 0.468848 1.261694 4.437274 5.64030413527 2.37716863135 21.4143390062 4.76235118938
motorcyclist 0 0 2.0307982489175656 208.286407 223.930023 243.760604 273.81961 1.605343 0.488414 1.646015 -27.7871602874 -10.0955151938 81.1208004307 1.70078424974
car 1 0 2.7165098626690667 1838.549805 411.672882 1919.0 491.2453 1.051187 2.021764 4.050881 18.7844842993 -1.3888436249 40.6804639745 3.14909768892
car 0 0 -1.2653540594414348 257.864777 640.459778 521.167969 835.635986 0.680622 1.40086 4.315576 -5.92980398549 2.00333126944 22.7032444092 -1.5208341178
van 0 0 -1.5250170459447692 869.072144 580.404846 1063.669922 847.879761 1.08368 1.783718 5.820848 0.097251836303 1.92674375945 23.2495672253 -1.5208341178
trafficcone 0 0 0 1393.13162649 281.832846415 1403.68041456 305.658557404 0 0 0 0.0 0.0 0.0 0.0
trafficcone 0 0 0 1785.97682156 290.871767389 1795.79810701 323.973136855 0 0 0 0.0 0.0 0.0 0.0
car 0 0 0 1055.7627862 115.861077486 1071.98915408 132.701416042 0 0 0 0.0 0.0 0.0 0.0
van 0 0 0 1009.3870311 100.863279665 1023.15751627 117.615908125 0 0 0 0.0 0.0 0.0 0.0
