van 0 0 -1.4696454391673925 868.303528 579.514832 1063.08667 844.883179 1.171072 1.50852 5.309688 0.076874230716 1.94733186955 22.995625083 -1.46630245788
car 1 0 2.7829181614686234 1732.738159 323.994843 1919.0 405.35077 1.493759 1.832371 3.577188 19.6890931521 -3.45857964783 49.7841124274 3.15953012896
car 2 0 -1.1031643206855837 0 908.517883 192.062317 1079.0 1.029006 1.373994 4.248162 -6.99435796237 4.06500008324 15.2961377284 -1.53204172641
van 0 0 4.618589565743763 1158.811279 661.431091 1384.353515 928.09082 0.987977 1.673383 4.633572 2.79346612582 2.48823188546 20.9505988979 4.75114358077
motorcyclist 0 0 2.0628760838885527 12.290139 248.060425 55.831429 300.192475 1.497723 0.860445 0.926687 -30.5316866191 -7.99038383626 70.8282779895 1.65587843232
motorcyclist 0 0 4.6458198112382645 1740.152588 526.610107 1811.194824 656.498291 1.235991 0.679863 1.80587 10.8310226746 0.994139202336 29.2084566413 5.00091907525
car 0 1 2.3586391395571447 179.914429 476.091766 498.415619 656.526306 1.354434 1.918658 3.624043 -8.09296346241 0.68077587033 28.2584553818 2.07971407629
car 2 0 -1.4792717065873944 675.695496 969.595398 988.933838 1079.0 0.685628 1.73716 4.218146 -0.792184832689 4.14166389777 14.9980874192 -1.53204172641
car 0 0 -1.3903793216484988 521.328125 663.784546 772.214355 875.108582 0.691856 1.707775 4.28817 -3.08518876793 2.21241181536 21.6325778826 -1.53204172641
bus 2 0 4.30300100730456 1547.799194 778.50946 1919.0 1079.0 2.544343 2.911743 9.082725 5.31804448448 4.86473383837 10.7516542053 4.76233994024
car 2 0 4.608022057429873 1140.082397 920.717041 1472.613647 1079.0 1.037729 1.818801 4.116136 2.20867066611 4.14907733278 15.3266213665 4.75114358077
trafficcone 0 0 2.8573539364375886 1640.481934 296.391388 1646.006714 313.136871 0.46148 0.300408 0.054705 21.1944072099 -7.25487465947 67.9913112248 3.15953012896
motorcyclist 0 0 2.0045927735524103 161.666824 233.973511 199.340896 281.222626 1.421095 0.409963 1.959209 -28.357566847 -9.47559266513 77.997069254 1.65587843232
car 0 0 3.5039470404037982 231.090881 301.008911 400.91632 366.04834 1.286714 1.969229 3.633756 -16.659642987 -4.78669383634 55.4701235854 3.21218254755
car 0 0 2.812645140520734 678.707153 409.464172 952.145324 522.402649 1.270278 1.806498 4.287889 -2.61213066502 -0.903393616268 37.0914592846 2.74233717226
car 0 1 4.49300121744197 1438.677246 699.750793 1667.372925 906.294128 0.563675 1.2343 4.29817 5.64024930425 2.43793521266 21.3618760733 4.75114358077
car 0 1 2.76438195674669 1549.759155 394.482117 1818.053467 487.818177 1.327266 1.861642 4.27574 13.2599734431 -1.42270456302 40.4114882551 3.08143667917
car 0 0 -1.2763800699380234 257.470673 639.037964 520.371216 834.235108 0.668967 1.421985 4.390819 -5.94725134919 1.98637614595 22.7531447673 -1.53204172641
van 0 0 0 1009.35084098 99.6979351653 1021.62744778 118.340189947 0 0 0 0.0 0.0 0.0 0.0
car 0 0 0 1053.01191105 115.075643165 1070.29009841 131.444452242 0 0 0 0.0 0.0 0.0 0.0
trafficcone 0 0 0 1787.56324995 288.703176873 1794.65640055 324.168929873 0 0 0 0.0 0.0 0.0 0.0
trafficcone 0 0 0 1392.1303618 281.154318628 1403.95227946 304.434402649 0 0 0 0.0 0.0 0.0 0.0
pedestrian 0 0 0 1297.85237204 149.285978018 1307.23715591 178.749834356 0 0 0 0.0 0.0 0.0 0.0
