car 0 0 -1.2795253052732574 258.394348 638.431335 522.467163 831.608215 0.620911 1.417895 4.49992 -5.93056474505 1.94637060924 22.7590576245 -1.53443695294
car 0 1 4.507735125550719 1438.260986 699.751404 1668.408935 903.837219 0.554549 1.320856 4.251542 5.65397887869 2.4279153322 21.4002423446 4.766034724
car 0 0 2.299439407603434 0 576.397705 30.20005 805.089233 1.164312 1.841023 4.406443 -12.7220420654 1.83658138676 24.1792747702 1.81508753568
car 2 0 4.604627945150441 1138.889038 918.553589 1480.786011 1079.0 0.948453 1.843025 4.267744 2.21293581176 4.06344672843 15.2483133017 4.74874835424
bus 2 0 4.28460139433836 1549.041138 776.470398 1919.0 1079.0 2.558437 2.898282 10.529377 5.28613375607 5.0249722837 10.1182801345 4.766034724
car 1 0 2.7066022733191835 1731.068604 391.753937 1919.0 489.587067 1.422472 1.907975 4.338348 16.8412762527 -1.39743645109 40.665948309 3.09923605393
car 0 0 2.8117723528610252 820.839905 402.328217 1086.604737 513.716187 1.321992 1.922855 4.242724 -0.276798119727 -1.04387777163 38.036925204 2.80449539153
car 0 0 -1.3937770793101978 522.31897 663.383606 774.864685 876.996155 0.678553 1.719367 4.410739 -3.06754286317 2.21209941736 21.664213112 -1.53443695294
motorcyclist 0 0 2.053381477002066 8.026418 247.183029 53.397199 301.505188 1.50123 0.482082 1.809601 -30.8214510296 -8.03969504694 71.2559398428 1.64513694592
car 2 0 -1.4809061606851348 666.654236 969.037903 989.183533 1079.0 0.879838 1.68445 4.357912 -0.768549473725 4.22941263605 14.3434310721 -1.53443695294
motorcyclist 0 0 4.524182421559134 1741.383545 526.037476 1811.895874 660.952149 1.329917 0.475208 1.681475 10.7660134419 1.06340350682 29.0063596398 4.87958266755
car 0 0 3.4366142192163145 435.82132 304.110046 604.943604 368.245117 1.257411 1.771341 3.794859 -11.3091175817 -4.6772902357 54.8520926535 3.23328849202
car 2 0 -1.0990263498542236 0 909.582642 193.782928 1079.0 0.973341 1.645177 4.302914 -7.13793279647 4.0393676959 15.3442550526 -1.53443695294
car 2 1 2.2731676795446356 0 607.004211 130.046005 931.222839 1.522938 1.885766 4.207376 -9.95498878973 2.4307086378 20.2458826499 1.81617857836
motorcyclist 0 0 1.9811353873187358 194.185852 230.300949 229.170563 274.636169 1.388203 0.490028 1.755998 -28.0771198484 -9.98206860424 80.3946966333 1.64513694592
car 0 0 2.4045401999993588 291.184296 454.198242 601.434754 626.654114 1.406567 1.908805 3.843246 -7.14368155933 0.377052875925 30.0731282838 2.1713190521
van 0 0 -1.5362725815199132 867.120789 580.845703 1062.787598 848.851013 1.344207 1.821914 4.700907 0.0416759886955 2.05600543935 22.7039076793 -1.53443695294
van 0 1 4.616048461644521 1158.046509 662.924561 1386.375244 928.499451 0.950331 1.687276 4.74708 2.80768884867 2.48455871529 21.0338454079 4.74874835424
trafficcone 0 0 0 1785.15575407 290.841827088 1792.38422015 323.212783918 0 0 0 0.0 0.0 0.0 0.0
trafficcone 0 0 0 1393.12641186 280.95177693 1402.81674684 304.522862 0 0 0 0.0 0.0 0.0 0.0
motorcyclist 0 1 0 1310.29131934 156.419693321 1323.16811581 178.572148272 0 0 0 0.0 0.0 0.0 0.0
pedestrian 0 0 0 1297.56002339 149.7339957 1308.83631408 177.924722443 0 0 0 0.0 0.0 0.0 0.0
van 0 0 0 1009.01061657 100.433325268 1023.28280349 117.105260439 0 0 0 0.0 0.0 0.0 0.0
bus 0 1 0 1012.92599528 78.7092885309 1027.32448475 97.1494592499 0 0 0 0.0 0.0 0.0 0.0
