car 0 0 2.4520305385687595 316.620758 451.125214 624.287659 616.097535 1.356958 1.183076 4.43358 -6.88062145331 0.263022125825 30.4760305487 2.22998182035
car 0 0 -1.4025403827330107 522.892883 662.07135 773.773193 873.744385 0.715298 1.756572 4.222214 -3.05861249313 2.20379690255 21.5522802916 -1.54351495436
car 0 0 2.342789929665796 0 564.332214 58.713894 752.842773 0.86308 1.578956 4.477978 -12.7133033936 1.4084142734 25.0068262372 1.87245023307
motorcyclist 0 0 2.3379266999980377 7.642961 248.840927 55.664098 302.399872 1.506845 0.649885 1.243268 -30.5793358766 -7.9340297698 70.7601220384 1.93001140155
motorcyclist 0 0 4.642459993508492 1742.805054 527.543579 1814.66919 659.050659 1.256578 0.680623 1.764914 10.8202405154 1.02441840915 29.0718280208 4.99876473376
van 0 0 -1.5190339358827405 867.508972 581.067322 1064.500244 848.558106 1.164627 1.78321 5.465758 0.0864880535725 1.97373603543 23.1161011188 -1.51529248963
car 2 0 -1.1249266333491825 0 909.547974 194.884888 1079.0 0.936073 1.35462 4.147865 -6.88165250691 3.95024011566 15.2123093455 -1.54975298562
car 0 0 -1.2878052977665444 257.323395 639.152039 520.618103 832.858033 0.683599 1.490973 4.272156 -5.92011759313 1.98232564128 22.6448930796 -1.54351495436
car 2 0 -1.483337244040212 668.617859 969.370056 990.204529 1079.0 0.918129 1.685268 4.367234 -0.758102916098 4.26803624095 14.3375664257 -1.53616333573
motorcyclist 0 0 2.0314127519790044 202.636337 229.756653 237.611572 274.452576 1.403607 0.415324 1.760172 -27.8120124924 -10.0057857055 80.5354548232 1.69889652292
car 0 0 2.795836612903542 856.448303 401.014893 1120.147461 508.155304 1.280921 1.837886 4.264997 0.332260724311 -1.13058874329 38.3035479007 2.80451080653
car 2 1 2.274657379967985 0 599.044556 173.75708 900.783387 1.437304 1.393878 4.488623 -9.75732258356 2.30381587062 21.1770453982 1.84289984157
van 0 0 4.6025836285784605 1158.121948 665.606384 1387.831909 922.894287 0.887028 1.641487 4.710653 2.80895398323 2.44023056624 20.9747670214 4.7357121532
bus 2 0 4.290152727663965 1547.171875 776.610413 1919.0 1079.0 2.529898 2.930439 9.792678 5.2346944427 4.89346969253 10.1838221059 4.76495380751
car 1 0 2.706364506482995 1780.289795 395.373474 1919.0 487.234619 1.310022 1.943913 3.929981 17.5733284317 -1.43623488464 40.6221874633 3.11465829884
car 0 1 4.531038779448426 1438.94519 698.372986 1687.03955 906.100647 0.550959 1.567832 4.315998 5.73464827825 2.42519568005 21.3905587989 4.79297186559
car 0 0 3.391231537078059 487.128937 304.807526 656.553284 369.723786 1.275187 1.824816 3.838046 -9.98744847708 -4.63384527627 54.7613278221 3.21083288128
car 2 0 4.60184473978307 1139.835083 920.111938 1483.969849 1079.0 1.156327 1.858379 4.461616 2.26214407892 4.35440076072 15.5573462027 4.74623957112
car 0 0 0 1055.38735899 114.895293595 1072.30179504 132.173480953 0 0 0 0.0 0.0 0.0 0.0
trafficcone 0 0 0 1394.49818235 280.25934996 1403.61233524 306.344684104 0 0 0 0.0 0.0 0.0 0.0
trafficcone 0 0 0 1783.7884178 289.375916533 1795.85681335 324.072553756 0 0 0 0.0 0.0 0.0 0.0
van 0 0 0 1008.56235361 100.431534101 1023.19239773 117.271872657 0 0 0 0.0 0.0 0.0 0.0
