bus 2 0 4.267123719046387 1547.988892 777.134888 1919.0 1079.0 2.454358 2.929854 10.006502 5.32704390129 4.84968305636 10.1639155065 4.74987540336
motorcyclist 0 0 2.389844048727926 8.672795 249.803421 56.131798 301.251038 1.455539 0.790214 1.065835 -30.6471976363 -7.98699725182 70.9646154772 1.982172324
car 0 0 2.7943971163968078 564.253723 416.440826 842.795959 530.275695 1.186303 1.867713 4.195168 -4.40175671709 -0.79464186493 36.1603627838 2.67326430504
car 0 1 2.7508293654300613 1409.896729 395.662842 1676.696534 488.84787 1.268507 1.823138 4.33727 10.5882577829 -1.42242620807 40.1577686322 3.00862867323
car 0 1 4.519145795097812 1440.555542 699.547119 1665.854126 903.774597 0.563109 1.320188 4.193201 5.63151620843 2.42221917321 21.3097250863 4.77750909051
car 0 1 2.8900295581902014 1540.948364 321.601624 1736.481079 401.770356 1.454408 1.895032 3.874697 15.3988421725 -3.5648660191 50.0304716263 3.18861706069
car 2 0 4.599130530013003 1139.181885 921.719238 1480.450073 1079.0 1.168494 1.819552 4.115763 2.20920437869 4.26133835663 15.2225867243 4.7432510792
car 0 1 2.2604943407783997 85.713249 499.535858 406.033653 697.754639 1.276156 1.120363 4.363956 -8.64046542766 0.989367001918 26.412395892 1.94433103732
car 0 0 -1.489297874389026 679.607178 968.125366 992.758057 1079.0 1.006892 1.691525 4.124146 -0.7313704058 4.31171151752 14.4312368369 -1.53993422798
motorcyclist 0 0 2.3426676796745727 130.119751 234.372086 172.686127 283.16565 1.477882 0.156605 1.744918 -28.9555856313 -9.25198665929 76.8116860245 1.982172324
car 0 0 3.597491313732715 67.374504 300.107361 238.1101 363.99466 1.272264 1.88534 3.575309 -20.9981588968 -4.87023336597 55.8883184218 3.23809269752
car 0 0 -1.2842578379747853 257.373352 638.813904 521.844604 830.86969 0.64299 1.469307 4.37085 -5.92387165458 1.95343051143 22.6915451899 -1.53961921709
car 0 0 -1.3873313722858502 521.524841 663.504028 774.115722 872.112549 0.696468 1.725481 4.161973 -3.06288375102 2.19421104223 21.5333282338 -1.5286228074
van 0 0 -1.5319008551670592 868.574219 581.410156 1062.138306 850.186523 1.16822 1.802099 5.475744 0.07551922127 1.97952010394 23.0377822681 -1.5286228074
car 2 0 -1.1132691117694442 0 908.366028 194.422729 1079.0 0.968752 1.346713 4.152074 -6.8646690957 3.96022451166 15.1133991862 -1.53961921709
motorcyclist 0 0 4.594154479722575 1742.184448 526.973511 1811.930298 659.475586 1.292688 0.57872 1.703727 10.8101337556 1.04285579836 29.105799855 4.94977249304
van 0 0 4.621525318410104 1158.793579 664.73175 1384.880493 924.420288 1.034698 1.716868 4.237016 2.78860376671 2.51161469788 20.8372769294 4.75456249978
trafficcone 0 0 0 1784.68749727 287.922856684 1795.81828744 325.243741378 0 0 0 0.0 0.0 0.0 0.0
trafficcone 0 0 0 1393.20640337 279.659590861 1403.75519144 305.304058414 0 0 0 0.0 0.0 0.0 0.0
car 0 0 0 1054.44208826 115.145823802 1071.26558648 131.96932202 0 0 0 0.0 0.0 0.0 0.0
van 0 0 0 1009.53085881 100.171731564 1023.31888601 117.748834933 0 0 0 0.0 0.0 0.0 0.0
