motorcyclist 0 0 2.097002113656713 8.096676 249.384247 53.143429 300.669892 1.412442 0.463562 1.713142 -30.7624718338 -8.04346889348 71.1023666009 1.68866934208
car 2 0 -1.434630471031836 661.520447 968.291748 997.16095 1079.0 0.45191 1.647087 4.111973 -0.77369472921 3.79941832197 14.4192479703 -1.48823614454
van 0 0 -1.5076338105074263 869.479126 582.815247 1060.800171 847.335144 1.34453 1.682206 4.495172 0.052555373563 2.05688516846 22.5876308495 -1.50530708226
van 0 0 4.6034414760218665 1160.628906 663.872803 1387.833008 930.195862 0.990935 1.626289 4.637444 2.82417857948 2.51504337995 20.9909737139 4.73718088878
car 0 0 2.778513723080133 759.157043 408.393066 1023.732543 515.165832 1.170069 2.094668 4.095626 -1.34934867433 -1.04450351841 37.681395227 2.74271960382
car 1 0 2.7039619581784162 1858.311157 341.526276 1919.0 408.514832 1.148434 2.107826 3.765541 22.73906838 -3.39739354116 49.6621287157 3.13334575819
bus 2 0 4.300194899534415 1545.223389 777.869873 1919.0 1079.0 2.560486 2.627692 10.127987 5.09519140277 4.97580990912 10.1575968037 4.76513276776
car 2 0 4.588005475195349 1140.694336 920.201111 1478.983399 1079.0 0.82188 1.773364 4.106078 2.21501616551 3.91120541976 15.1816523818 4.73288409498
motorcyclist 0 0 4.410935302675074 1741.602539 528.472107 1813.546509 648.322144 1.105382 0.28981 1.801644 10.6621332019 0.886594335469 28.6715670339 4.76696019469
car 0 0 2.2234409288278547 0 667.448608 47.000843 1007.835876 1.30683 1.443781 4.77031 -10.3801153831 2.82266831231 19.5990052735 1.73637546785
car 0 1 2.7767688884128297 1647.120117 393.336792 1914.886596 489.33316 1.339713 2.111185 4.110524 15.1008793087 -1.41987117827 40.5393006068 3.13334575819
car 2 0 -1.0604422325089353 0 908.461243 191.094482 1079.0 0.93626 1.395339 3.883046 -6.9545547155 3.89771741799 15.1508812659 -1.49077167172
car 0 0 2.383048106455461 247.313431 462.386627 554.950577 638.271789 1.404787 1.862764 3.705744 -7.58231573882 0.508047517334 29.3668613481 2.13037344617
car 0 0 -1.2771410220369657 259.664734 642.490784 520.858643 832.500183 0.682235 1.472777 4.120852 -5.90574250928 1.99862586372 22.6189245466 -1.5325367236
car 0 0 3.4538964403734993 340.318787 302.630157 511.290314 365.68695 1.268062 1.58446 3.852755 -13.7393201349 -4.73185864433 54.9964079052 3.20908518498
car 0 1 4.458640043680093 1439.332642 701.171448 1689.518067 905.722962 0.610489 1.346953 4.111717 5.73669213136 2.46643870262 21.3276830479 4.72139971328
car 0 0 -1.3985572133421655 525.344543 666.579956 773.441589 870.932007 0.679943 1.740908 4.112197 -3.06039339794 2.20432890604 21.5996869357 -1.53930727498
motorcyclist 0 0 2.0296889568584806 181.412094 233.297638 217.528351 276.904327 1.339497 0.437793 1.760469 -28.1218737716 -9.7633186241 79.242329437 1.68866934208
van 0 0 0 1008.72869663 100.434614718 1021.91468172 118.470617312 0 0 0 0.0 0.0 0.0 0.0
car 0 0 0 1054.69110002 116.707433865 1071.48933773 131.105923331 0 0 0 0.0 0.0 0.0 0.0
car 0 0 0 1138.18089867 116.927173591 1154.91598511 132.399234639 0 0 0 0.0 0.0 0.0 0.0
pedestrian 0 1 0 1298.10896815 148.915631776 1308.58500596 177.986636696 0 0 0 0.0 0.0 0.0 0.0
trafficcone 0 0 0 1393.9809487 279.851833593 1403.14748178 305.60542654 0 0 0 0.0 0.0 0.0 0.0
trafficcone 0 0 0 1784.35510486 290.08579112 1795.35494456 323.871013054 0 0 0 0.0 0.0 0.0 0.0
