van 0 0 -1.5267517157746935 866.662903 580.084045 1061.666382 844.86737 1.211668 1.800366 5.146649 0.059344866994 1.97076005672 22.9142432938 -1.5241618535
motorcyclist 0 0 2.3146219556974827 108.111389 239.119156 152.416626 284.579834 1.366257 0.607225 1.361093 -29.484206238 -9.12910147162 76.2258329965 1.94554580673
car 0 0 2.797146919822455 468.029449 423.231934 755.599182 540.35492 1.170438 1.835127 4.22351 -5.79970079866 -0.648263746666 35.4163105757 2.63482971757
car 0 0 -1.4006009949688787 523.385498 663.251404 773.852417 875.674622 0.749288 1.760269 4.11783 -3.05570383085 2.23501500407 21.534127925 -1.54156042844
motorcyclist 0 1 2.3661574379282078 7.912264 247.463699 54.731272 302.780243 1.57521 0.785633 1.032642 -30.6426084035 -7.92953566606 70.8843341354 1.95812810127
car 2 0 4.59735451440419 1140.953613 919.983032 1477.467163 1079.0 1.088475 1.80132 4.092964 2.22332946429 4.18090086606 15.3037847639 4.74162487874
car 0 1 4.480991868253174 1438.417969 700.134338 1679.666016 906.492736 0.640098 1.352399 4.021399 5.66090671973 2.46934695591 21.225789718 4.74162487874
car 2 0 -1.113843492292572 0 909.499512 194.883026 1079.0 0.98249 1.420854 4.187945 -6.94295206456 4.00594166155 15.2304266735 -1.54156042844
cyclist 0 0 4.351076720877571 1876.583008 686.486023 1919.0 846.781921 1.018495 0.914568 1.679715 9.85907657216 2.4148695523 21.6758946775 4.77794877957
car 0 0 2.7234643873810214 1301.999023 394.125366 1568.081054 492.397766 1.288673 1.845012 4.339452 8.52237731232 -1.38278138238 39.8246282296 2.93428229782
car 0 1 2.9433986396711225 1389.112671 319.468262 1581.406616 401.609497 1.522176 1.792161 3.982032 11.9048031674 -3.57033312087 50.2102607449 3.17619882776
car 0 0 -1.2864516968347042 258.207275 639.048889 521.508789 834.429809 0.634459 1.429949 4.539306 -5.94682608383 1.97158017701 22.8030433495 -1.54156042844
car 1 0 3.6540381948172516 0 295.526825 111.860222 363.243256 1.359362 1.913236 4.638535 -24.9895496367 -4.93533518271 56.3169327778 3.2364100716
van 0 0 4.609084795569175 1157.778442 661.19989 1385.476074 916.957641 0.871938 1.651809 4.751177 2.80172423484 2.38950929068 21.0147683437 4.74162487874
car 2 1 2.199118809277511 0 523.495728 330.357635 765.720459 1.516143 1.793933 4.311675 -9.3641039922 1.55748321569 25.081756947 1.84180144589
motorcyclist 0 0 4.498156528945484 1742.11853 527.899231 1814.142578 660.93811 1.298226 0.445882 1.741446 10.8141999343 1.06015082626 29.0802258015 4.85418438942
bus 2 0 4.261069122796439 1542.208252 776.188599 1919.0 1079.0 2.753123 3.018081 10.556728 5.32231957095 5.19409261266 9.94631285394 4.75240458999
car 2 0 -1.4594551429121105 666.348572 968.939087 991.385376 1079.0 0.823583 1.652568 4.163104 -0.775047643562 4.15738381286 14.4201119844 -1.51315116223
trafficcone 0 0 0 1785.32075256 290.735612193 1793.61428249 323.909731922 0 0 0 0.0 0.0 0.0 0.0
trafficcone 0 0 0 1393.63948228 280.525072425 1404.12259303 305.406672642 0 0 0 0.0 0.0 0.0 0.0
van 0 0 0 1008.3428414 100.853271278 1023.28864187 118.219870414 0 0 0 0.0 0.0 0.0 0.0
car 0 0 0 1053.41583353 115.424958012 1070.16846199 130.335674442 0 0 0 0.0 0.0 0.0 0.0
