bus 2 0 4.255492349928549 1550.314819 778.308105 1919.0 1079.0 2.22985 3.02659 12.045477 5.26459486775 4.87518072337 9.28322234979 4.77137578083
motorcyclist 0 0 2.1748767530292223 9.927521 248.192413 54.003613 300.948242 1.449152 0.202046 1.880151 -30.7297050912 -8.04385764338 71.1336833114 1.7670925605
car 0 1 2.349969809843686 207.055145 473.537933 515.807861 651.672973 1.392627 2.12587 3.341629 -7.92579627587 0.658841040384 28.6454787412 2.08003703061
van 0 0 4.61091609313789 1158.272949 664.334229 1385.818359 920.365601 0.886011 1.66583 4.698389 2.80973001626 2.42929870229 21.0356495505 4.74370007184
car 0 0 -1.2886670864566125 257.030548 638.326294 519.570557 832.826782 0.694739 1.487243 4.266304 -5.92771543115 1.98347730808 22.6466541273 -1.54467172313
car 2 0 4.61405748461584 1139.442139 920.076538 1472.281617 1079.0 1.11341 1.8382 4.175612 2.20618264031 4.23414234093 15.3634919329 4.75668151945
car 1 0 2.788227789494563 1772.937744 324.258301 1919.0 406.855744 1.471924 2.099487 4.028668 20.9271490635 -3.46140541342 49.8724657914 3.18552700581
car 0 1 2.78321568375962 1580.83606 394.13147 1845.676636 487.266815 1.2998 2.153085 4.11055 13.8613686888 -1.4530494247 40.6028290511 3.11219894212
motorcyclist 0 0 4.5129974164317765 1741.540161 528.060364 1810.761352 650.51709 1.156 0.439208 1.764752 10.7616024804 0.92629171363 28.9924437314 4.86842052232
car 2 0 -1.1251695434868871 0 912.554749 192.518539 1079.0 0.936936 1.429393 4.184921 -6.93550726628 3.97837851298 15.2039828866 -1.55313748594
motorcyclist 0 0 2.129593489450235 166.884644 232.312271 206.402314 277.992035 1.40014 0.383613 1.79447 -28.4371542141 -9.67657049603 78.8247230608 1.78336137077
car 0 0 3.5172295419757162 264.070709 301.040039 434.868622 363.808746 1.205218 2.108454 3.618774 -15.7863638202 -4.84862081399 55.4045423891 3.2396560029
car 0 1 4.496479371907506 1440.644775 700.514771 1677.953735 911.200135 0.626194 1.34638 4.198546 5.69701206263 2.49409941263 21.3591771335 4.75713559149
car 0 0 2.811406834483746 705.61853 408.872437 973.045105 518.943543 1.212833 2.093688 4.129621 -2.23797905395 -0.980000976125 37.4469790663 2.75171389474
car 2 0 -1.456546281790942 666.432312 968.473877 993.641418 1079.0 0.772827 1.655813 4.108818 -0.76539809225 4.08691352522 14.3640094908 -1.50978175939
car 0 0 -1.3815791664065946 523.310425 663.010071 775.958496 871.76294 0.674819 1.694265 4.243296 -3.04887554494 2.18120615413 21.5714386909 -1.52198767005
van 0 0 -1.4979654047376196 869.196411 581.856628 1063.878784 849.723388 1.386695 1.680644 4.462415 0.0672230684255 2.08598302517 22.6253554582 -1.49499427481
trafficcone 0 0 0 1784.75868975 291.452883902 1792.6157181 322.357195439 0 0 0 0.0 0.0 0.0 0.0
trafficcone 0 0 0 1393.4839156 280.494948354 1403.74170262 304.284284212 0 0 0 0.0 0.0 0.0 0.0
motorcyclist 0 1 0 1309.37844285 159.328396652 1325.09249956 177.661462817 0 0 0 0.0 0.0 0.0 0.0
pedestrian 0 0 0 1298.11670221 149.376160733 1309.6403438 178.447165653 0 0 0 0.0 0.0 0.0 0.0
van 0 0 0 1008.75238736 100.889032238 1022.69618769 117.409404362 0 0 0 0.0 0.0 0.0 0.0
bus 0 1 0 1011.73312728 78.502610992 1024.86859136 97.3216893286 0 0 0 0.0 0.0 0.0 0.0
