motorcyclist 0 1 1.6631994166260802 187.690216 197.106018 203.771759 239.684708 1.45132 0.358194 1.837159 -30.9148616652 -12.5152836994 107.160767937 1.38233497144
trafficcone 0 0 4.483367550926521 1562.322388 379.336945 1573.716431 415.880402 0.703719 0.128812 0.403838 12.4057982106 -3.32405082743 59.5039943271 4.6889100321
cyclist 0 1 0.02326999434245188 805.449707 589.252625 944.078369 742.671509 1.547072 0.661723 1.546508 -1.32734332054 1.72399286189 31.5510922036 -0.0187748602056
car 0 1 1.7280328977376436 657.103882 293.339447 742.009033 374.161835 1.452877 1.387203 4.284401 -7.12357596187 -4.95964959067 67.5421119912 1.62295271455
trafficcone 0 1 4.549232335679076 1249.175781 385.700317 1261.475586 424.268402 0.722572 0.195106 0.310021 5.43453495254 -3.01938498969 57.0738626996 4.64416544518
car 0 1 1.795275513375554 474.578094 274.579254 546.824523 333.792724 1.180814 1.029756 4.227962 -13.314208011 -6.61692523643 76.4968845669 1.62295271455
pedestrian 0 1 -1.2058544839883387 1462.798584 185.957458 1473.846436 228.623901 1.638612 0.298713 0.347607 19.6338554964 -13.686909076 113.921468844 -1.0351855694
trafficcone 0 0 4.579942711035739 1687.326782 429.615173 1697.874756 471.922241 0.680541 0.091911 0.542713 13.0618639321 -1.89938396956 51.5102136869 4.82828618526
trafficcone 0 0 4.401998426807766 1669.114258 390.382111 1679.773682 429.674866 0.735762 0.082069 0.352683 14.1588522617 -2.92789596727 57.319872994 4.64416544518
motorcyclist 1 1 3.46395279470486 0 367.187347 38.781532 440.953094 1.356755 0.478459 1.547218 -20.1350849648 -2.64466442384 55.7547833475 3.1173915077
car 0 1 1.8333045150471803 362.232574 271.782013 440.864685 334.552338 1.275218 1.023544 4.279674 -16.3731388471 -6.61573541551 76.6854916307 1.62295271455
trafficcone 0 1 4.391343909294852 1729.108521 539.211243 1745.081177 587.36493 0.60744 0.086319 0.366659 10.7878689246 0.11461846085 40.0081640888 4.65472174837
trafficcone 0 0 4.529241207067114 1426.793823 588.969299 1443.457886 644.813842 0.637017 0.13108 0.402254 5.86761292769 0.820310955727 36.612255376 4.68815350764
trafficcone 0 1 2.921509867542987 1536.698853 720.423523 1562.06189 793.207642 0.671174 0.359876 0.169613 5.95976691942 2.16350621893 29.5740889857 3.12036642422
trafficcone 0 2 3.4169957651688523 78.097046 408.763458 88.202561 446.797119 0.682722 0.267136 0.081109 -17.9254386889 -2.4551767181 54.4324042479 3.09886553809
cyclist 0 1 -0.11361819136801649 1186.682983 584.110291 1326.421142 718.589966 1.415305 0.582626 1.570155 3.11926261436 1.5344202978 32.7899084301 -0.0187748602056
car 0 0 1.8554693242765707 281.36499 283.056458 391.04303 367.823792 1.612612 1.493313 4.225156 -16.4101140412 -5.22609732009 69.2996111285 1.62295271455
cyclist 0 0 -0.08818673769759694 1113.514282 614.427673 1258.341919 764.347168 1.461558 0.672379 1.536053 2.13912489685 1.90538011165 30.7683415178 -0.0187748602056
trafficcone 0 1 3.4447583134403477 146.035416 325.957123 156.214966 356.049896 0.710148 0.286616 0.134003 -21.6910422558 -5.42901640484 71.171753341 3.14893079067
car 0 1 -1.525400036270632 689.178833 704.995605 893.365784 898.040649 0.693228 1.765277 4.256124 -1.87154137994 2.34991955289 26.8342425899 -1.59503179954
car 0 1 1.7045055035772323 740.695496 211.513168 791.562928 261.961792 1.437317 1.251604 4.264886 -8.1262898842 -10.9497747321 99.4235315525 1.62295271455
trafficcone 0 0 4.615839517533388 1188.845581 322.845703 1195.956421 355.514923 0.777274 0.15382 0.215577 5.13733120423 -5.41903763638 70.9151311675 4.68815655814
pedestrian 0 1 3.075486488518383 1096.330688 526.642517 1151.289428 668.08551 1.645241 0.548951 0.657194 1.67979295473 1.05920595844 35.4633426213 3.12281813406
trafficcone 0 1 4.597103344245866 1239.448853 380.216125 1249.458252 411.068389 0.608926 0.184426 0.193006 5.40806127701 -3.39392075138 59.2322769733 4.68815350764
car 2 1 4.4868743679998655 1352.247925 809.41333 1727.304444 1079.0 1.132146 2.048294 4.327574 4.3344859013 3.49369336075 22.6881826912 4.67564564802
pedestrian 0 0 3.2661161807673857 765.54834 335.61441 805.939758 409.504852 1.468468 0.484869 0.794413 -4.46590226164 -3.47649674745 59.7746240081 3.19154238633
trafficcone 0 0 4.366153204152417 1774.75769 402.397949 1786.009521 439.58548 0.667141 0.064256 0.374503 15.8425991848 -2.64837449766 55.5094910861 4.64416544518
motorcyclist 0 0 -1.4560413676068644 1599.698486 318.586151 1630.174926 385.336182 1.310424 0.437911 2.043017 14.9643723437 -4.50043190709 66.3904817354 -1.2343468376
trafficcone 0 1 3.40086885874625 277.246613 324.284943 286.463562 354.848908 0.717189 0.313088 0.120732 -18.2727666159 -5.44576718778 70.9877353373 3.14893079067
pedestrian 0 0 4.541698304830659 1514.934326 239.535812 1536.893066 290.60672 1.529531 0.588193 0.386118 17.1690840682 -8.78479878797 88.8941727261 4.73248978269
car 0 1 -0.11531758313914173 1106.178223 455.781036 1412.235108 573.602356 1.379552 1.995371 4.414348 4.00274350458 -0.235838227155 42.0990737745 -0.0205234108749
car 0 1 3.0415200169701797 989.187378 378.979645 1261.022705 499.050354 1.735445 1.924871 4.623459 2.30576011475 -1.48367072043 49.0150468257 3.08852724604
car 2 1 4.620482906741194 1056.995972 843.696106 1329.771118 1079.0 0.936414 1.777614 4.322309 1.51133159363 3.55509887905 22.299549833 4.68815350764
trafficcone 0 0 4.590784479081966 1902.753662 539.188354 1915.813965 592.204895 0.62426 0.067189 0.655584 13.289868742 0.15461984967 40.0328191362 4.91131144193
trafficcone 0 1 4.588832095319855 1261.174683 403.495483 1273.935791 441.678955 0.680623 0.201833 0.33404 5.45386230515 -2.56967622825 54.7305633613 4.68815350764
van 0 1 1.7570220509125432 572.923706 230.760193 662.995483 331.613159 2.305951 1.626302 4.593249 -10.445347103 -6.77162228133 77.4426775133 1.62295271455
car 0 1 1.7169737741579079 695.238342 236.261978 766.376098 315.668915 1.91755 1.489896 4.237661 -7.80220102311 -7.64482973667 82.7388790837 1.62295271455
trafficcone 0 0 2.9537058284843494 1481.500366 367.805237 1491.797973 401.526123 0.674315 0.391953 0.136479 11.0506609785 -3.75103096079 61.7256873399 3.1308576554
motorcyclist 0 0 3.336238788859312 359.505829 354.445496 461.18161 429.985688 1.426708 0.499516 1.942788 -12.0275380561 -2.92634693234 57.1541551952 3.12882492089
trafficcone 0 0 3.0068698579956896 1552.560547 427.86203 1562.548218 469.991516 0.669101 0.586979 0.083009 10.5039424963 -1.9295587877 51.3209523782 3.20875329876
car 0 1 1.8153062449923307 405.019196 296.04245 500.7081 367.371521 1.28993 1.342582 4.263196 -13.5709004933 -5.26582516376 69.6795751474 1.62295271455
van 0 0 -0.29076926063900393 83.76561 384.855438 348.708359 510.779205 1.590088 2.03522 4.004034 -13.6871802098 -1.41917533202 48.8432396918 -0.563988176526
car 0 1 1.7613768205597569 439.321808 230.205719 510.73526 284.774597 1.383475 1.485539 4.241369 -16.9242736589 -9.28417753432 90.4933582867 1.5764904117
trafficcone 0 1 4.602320423535752 1224.671631 365.170685 1235.308716 403.471955 0.781976 0.193852 0.314785 5.31983458962 -3.71125761064 61.8265546317 4.68815350764
trafficcone 2 0 4.409999278965456 1763.857056 978.910217 1800.56189 1077.409179 0.646096 0.153186 0.332384 6.15050383444 3.66184475132 21.5386211813 4.68815350764
trafficcone 0 0 4.589715787334558 1839.982544 427.512573 1853.755005 470.537109 0.666272 0.124532 0.718878 15.8932964476 -1.93149782645 51.3602290892 4.88981735356
trafficcone 0 0 4.518498144972321 1455.409546 625.053894 1476.052002 687.680664 0.690987 0.178768 0.303847 5.88376837573 1.2825228211 34.3473318124 4.68815350764
car 0 0 1.773315272754812 527.090332 286.534363 617.388123 370.159027 1.559481 1.356346 4.222349 -10.3801369001 -5.11556721741 68.5130064106 1.62295271455
trafficcone 0 0 4.505638551535188 1490.386597 669.09198 1514.5448 736.732727 0.68925 0.192795 0.3237 5.91550873041 1.73182306972 32.050398953 4.68815350764
car 2 1 -1.5113628965418617 582.66449 941.83374 896.033631 1079.0 0.88647 1.851481 5.009978 -1.63346869667 4.07856708871 19.4774302872 -1.59503179954
trafficcone 0 2 3.3849743289224485 174.793365 373.444733 186.194931 398.478913 0.50292 0.239536 0.164993 -18.0578766257 -3.78583068026 61.3837758854 3.09886553809
trafficcone 0 1 4.567376042810503 1323.174072 324.933899 1331.70813 352.153687 0.630779 0.156094 0.359127 8.6235304505 -5.51881957249 71.0460030163 4.6881646928
cyclist 0 1 0.05407631900858009 720.645447 566.702332 857.958008 707.356263 1.508566 0.578795 1.590388 -2.42287726271 1.42735613006 33.1990430887 -0.0187748602056
pedestrian 0 0 0.14802611161678866 701.625366 327.937164 739.020019 398.924438 1.44472 0.565793 0.725339 -6.05738561102 -3.80808431224 61.5635503339 0.0499493920644
trafficcone 0 0 0 1904.64265444 370.70450141 1917.01019908 394.348336743 0 0 0 0.0 0.0 0.0 0.0
trafficcone 0 0 0 1848.87521317 365.153656376 1860.8790065 388.288239871 0 0 0 0.0 0.0 0.0 0.0
trafficcone 0 0 0 1799.51416003 360.133888259 1810.79045072 381.777091372 0 0 0 0.0 0.0 0.0 0.0
pedestrian 0 1 0 1499.72711201 227.779907803 1521.72679141 284.088611027 0 0 0 0.0 0.0 0.0 0.0
pedestrian 0 1 0 1587.13893869 227.492515166 1601.32523989 266.959532606 0 0 0 0.0 0.0 0.0 0.0
car 0 0 0 961.327040732 153.658895269 1006.25032786 184.577756858 0 0 0 0.0 0.0 0.0 0.0
car 0 0 0 974.785839306 109.463110762 997.88404767 132.743194782 0 0 0 0.0 0.0 0.0 0.0
car 0 1 0 963.81146624 106.475280381 984.756637319 125.631165489 0 0 0 0.0 0.0 0.0 0.0
car 0 1 0 962.300045855 97.2720353602 980.462350987 113.590323421 0 0 0 0.0 0.0 0.0 0.0
car 0 0 0 935.206102294 98.3901215714 952.467449314 113.546426272 0 0 0 0.0 0.0 0.0 0.0
car 0 0 0 916.155469303 96.1798271359 933.206312091 111.020375489 0 0 0 0.0 0.0 0.0 0.0
van 0 1 0 829.425098645 80.8882473637 855.843379755 92.0449716572 0 0 0 0.0 0.0 0.0 0.0
motorcyclist 0 0 0 750.972511708 156.278624503 768.214323935 192.071753684 0 0 0 0.0 0.0 0.0 0.0
car 0 1 0 498.626249068 234.929953007 574.430858654 303.191815371 0 0 0 0.0 0.0 0.0 0.0
car 0 2 0 674.372259353 277.923612176 747.536907411 341.659826206 0 0 0 0.0 0.0 0.0 0.0
car 0 2 0 717.166873803 230.687157695 769.808963793 282.281643904 0 0 0 0.0 0.0 0.0 0.0
car 0 1 0 751.737798573 194.544827253 806.475096125 247.186917244 0 0 0 0.0 0.0 0.0 0.0
