trafficcone 0 0 4.61577687471857 1188.165771 323.278381 1197.556762 352.578186 0.691527 0.210836 0.241101 5.14550438529 -5.48793024924 70.8593753627 4.68826535929
car 0 1 -1.5181092014946873 822.017334 375.726471 929.438171 482.062012 1.337755 1.765269 4.222587 -2.12911723025 -1.99354542953 51.4712444861 -1.55945081145
trafficcone 0 0 -1.2549698770896076 113.87075 393.922546 126.566398 435.695739 0.772745 0.092829 0.381232 -17.910552739 -2.78091601581 56.7052516223 -1.56090697658
pedestrian 0 1 3.0270924158832706 1240.698853 320.933838 1264.579957 400.995728 1.662649 0.32307 0.470399 5.78953500172 -3.74582616855 61.5091121096 3.12094075291
pedestrian 0 1 4.540712496994985 1469.296143 329.199921 1499.459839 403.314881 1.527127 0.542309 0.503437 11.0108597873 -3.72864329766 61.8689680281 4.71683906903
trafficcone 0 1 4.56037813004416 1322.848633 324.280243 1331.982544 351.904602 0.651317 0.18548 0.248144 8.61867162291 -5.51661187359 71.0125369135 4.68115572338
car 0 1 4.6506640867158495 1030.535889 216.996826 1093.353882 272.403564 1.564265 1.970789 4.246522 2.44471003628 -10.4596750814 98.0678326949 4.67558769053
cyclist 0 0 4.473539864599935 1633.932251 300.277313 1660.257568 377.59732 1.619305 0.152896 1.766368 15.9727235529 -4.72989252711 67.4477132278 4.70607245114
trafficcone 0 0 -1.2651107850358443 145.122437 383.440826 156.876603 421.361206 0.749916 0.148915 0.190862 -17.9393619994 -3.16394806272 58.8685087038 -1.56090697658
car 0 1 4.655676354905205 1018.917786 191.735016 1058.213745 228.374039 1.257116 1.469144 4.226928 1.98739148713 -14.5212443742 119.765323799 4.67226887966
car 0 0 -1.5702261955805552 971.871582 369.701904 1072.322632 459.440368 1.144534 1.892008 4.250489 0.584530216254 -2.49311322784 54.2447105402 -1.55945081145
cyclist 0 1 4.510127507406396 1469.172729 220.378769 1490.670898 272.715881 1.54272 0.330964 1.718633 16.344615889 -9.77528635341 92.6187777576 4.68480102257
motorcyclist 0 1 4.345689273312653 1675.147339 315.139496 1712.952515 378.663544 1.295007 0.205102 1.8495 17.2326251716 -4.73983133016 67.8759825335 4.59432010117
bus 0 1 1.601899187231982 731.527161 157.586578 817.269898 259.691833 3.05501 2.851982 10.099501 -8.12602545453 -11.7629331212 104.140169961 1.52402728327
cyclist 0 0 2.6324884815337035 1733.46936 547.839966 1842.086181 698.940979 1.598853 0.883467 0.899445 9.83958057797 1.32773578263 34.289845797 2.91193316583
car 0 1 1.7033749041290278 796.7771 134.12442 828.807373 161.678833 1.540604 1.521773 4.27634 -11.7127159634 -25.8715157008 180.168029044 1.63845629855
car 0 0 -1.548383553213014 761.363586 481.739899 898.440307 623.757264 1.198622 1.844867 4.296733 -2.27764505922 0.214319265665 39.6950675609 -1.60569924919
motorcyclist 0 0 4.489178311333724 1588.707153 296.39621 1613.844482 355.711701 1.300442 0.203862 1.807583 15.9020879539 -5.59406012716 72.1639662522 4.70607245114
trafficcone 0 0 -1.3094433918025867 278.746002 324.541321 287.710235 356.051941 0.743094 0.119388 0.286688 -18.2383460603 -5.41538934276 70.9935325383 -1.56090697658
trafficcone 2 1 4.398745670184945 1769.38269 978.492798 1799.147338 1079.0 0.752914 0.100565 0.2988 6.16616843051 3.75663418427 21.545636657 4.67748605799
car 0 1 4.662708272618608 947.466309 204.772171 1000.032898 251.634781 1.418558 1.799483 4.29326 -0.732329045004 -12.0049844509 105.702174379 4.65578015281
trafficcone 0 1 -1.2652292366846107 147.382996 325.452515 155.952546 352.288208 0.631092 0.099106 0.277601 -21.6731294038 -5.51908155945 71.1511927584 -1.56090697658
car 0 0 1.6899957281595013 651.265137 298.831207 732.466797 377.838958 1.385525 1.426663 4.237586 -7.20809403034 -4.80558732761 66.5725948099 1.58214169326
trafficcone 0 0 4.403626061496462 1901.102661 536.36554 1915.203735 591.454712 0.711689 0.056027 0.339265 13.2896228493 0.174227961675 40.0881807326 4.72373449573
car 0 1 4.642375075851582 1025.323486 760.353638 1256.609008 978.721863 0.676276 1.798456 4.417143 1.27058223789 2.80956248019 25.3654883848 4.69242422689
cyclist 0 1 4.508664918013697 1533.843384 255.686035 1556.032105 307.89798 1.34101 0.269573 1.709443 16.4978574116 -7.72164370686 82.4841514961 4.70607245114
motorcyclist 0 1 3.0043027557912265 1270.589233 346.877411 1362.611328 430.192017 1.59187 0.487983 1.822895 6.74347061994 -2.94240487361 57.5529645043 3.12094075291
bus 0 1 4.668284563812566 1000.961365 119.294052 1057.167481 195.589676 3.216551 2.371255 10.858839 1.80602929451 -18.7037200934 140.142139864 4.68117097561
trafficcone 0 0 4.6188062367516185 1225.360962 364.989807 1235.437744 399.721344 0.706587 0.187727 0.306166 5.32544335278 -3.78742241248 61.7789390016 4.70479526989
car 0 0 4.683782780754225 1064.319458 260.701141 1136.771606 327.553497 1.460216 1.949784 4.201795 3.07293210557 -7.00968573887 79.2247914983 4.72255085312
car 0 1 1.6570241183919499 761.257324 133.071945 787.349487 155.670425 1.339291 1.444012 4.220181 -15.2374692683 -28.0908917883 192.915407561 1.57820252308
car 0 0 4.666851511796606 1103.870239 360.712463 1199.274536 445.486419 1.123552 1.730994 4.209513 3.18831700071 -2.82026600775 55.9899860016 4.72373449573
bus 0 0 1.7579754232070546 623.091248 118.747017 688.956849 194.270523 3.392081 1.543952 10.251494 -17.8478301722 -19.6728953516 147.16621609 1.6372881306
motorcyclist 0 0 3.627043243600161 1743.353027 314.934448 1807.290527 381.831299 1.388222 0.798928 1.174576 18.8100311369 -4.53963883539 66.3923921151 3.90312427584
car 0 0 4.709746919415517 879.306396 182.836899 920.527221 219.285279 1.303651 1.801841 4.303756 -4.14421143627 -15.3600452561 123.555173539 4.67621810591
trafficcone 0 0 4.597555543104487 1238.019165 378.204346 1249.095581 416.025482 0.739087 0.193593 0.299005 5.38926468994 -3.30048362431 59.2491017859 4.68826535929
trafficcone 0 1 4.587910823177252 1264.904053 404.466217 1275.909058 439.356689 0.613608 0.163092 0.370639 5.51048066743 -2.615517513 54.7256726407 4.68826535929
trafficcone 0 0 4.59310514525765 1250.900024 389.604858 1261.011474 428.212982 0.733725 0.17097 0.23059 5.44479624663 -2.9346680707 57.0443363863 4.68826535929
car 0 1 -1.5581244285977873 867.11615 168.903046 903.387817 201.725312 1.325526 1.729831 4.202426 -5.29144101832 -17.7885984698 136.675699555 -1.5968204051
trafficcone 0 0 4.474826667295554 1667.786255 391.258026 1680.103516 429.121857 0.708154 0.140788 0.354676 14.158733254 -2.94066383065 57.3592375631 4.71683195092
car 0 0 4.628380056918718 1099.230957 145.589493 1132.352661 171.786453 1.352809 1.691545 4.234569 7.60768237892 -23.8978030913 170.468306552 4.67297859781
motorcyclist 0 1 4.492395113801603 1578.852539 280.38681 1604.861206 333.069763 1.19915 0.259569 1.839214 16.3280467577 -6.41138497953 75.2479660961 4.70607245114
motorcyclist 0 1 4.476922094985117 1621.679443 285.752625 1652.402465 351.456879 1.487114 0.323163 1.834082 17.1103370114 -5.79286131417 73.3570583935 4.70607245114
motorcyclist 0 0 1.7997986118431657 316.860779 212.59198 344.517517 253.105057 1.318573 0.551287 1.852609 -24.8301278131 -11.6291194901 103.626513088 1.56462078952
car 0 0 4.58898640935592 1158.627197 174.561249 1201.054687 208.976822 1.361904 1.543782 4.263787 9.11884025304 -17.1838789639 134.542394381 4.65665961851
trafficcone 0 0 4.518704525206484 1427.807495 588.209839 1441.825561 648.720459 0.710953 0.104032 0.328139 5.85878012731 0.876391126208 36.5877612624 4.67748605799
car 0 0 1.596537028220095 627.649841 224.26973 684.774109 272.064301 1.261877 1.828025 4.223153 -11.6308645229 -10.2260553007 95.7180357328 1.47561809545
trafficcone 0 0 4.510955937281501 1562.631226 379.588593 1575.330445 415.356202 0.70071 0.186837 0.307685 12.4434211145 -3.33298688199 59.5843727674 4.71683398467
trafficcone 0 0 4.50762150244114 1457.086426 625.111694 1475.528687 686.598816 0.686325 0.157535 0.259125 5.88905571112 1.27409078961 34.3350357235 4.67748605799
cyclist 0 0 4.455534219073129 1682.680786 329.007263 1717.33435 409.751221 1.514224 0.2522 1.736043 15.6769346073 -3.6335622204 61.2582877999 4.70607245114
trafficcone 0 1 4.460140904219594 1730.240723 537.778748 1745.302735 587.250672 0.633641 0.104864 0.326451 10.7910573751 0.117143749245 39.985666331 4.72373449573
car 0 1 1.811387653294928 136.187805 259.910187 231.136932 319.350617 1.309005 1.681018 4.269194 -23.9686533288 -7.479841877 81.9861003697 1.52696371008
pedestrian 2 1 4.3949566167127 1895.449219 405.992828 1919.0 508.636627 1.625434 0.464553 0.317928 15.6467505783 -1.12493283843 46.9212120255 4.7168289003
motorcyclist 0 1 4.480851184626063 1606.79126 280.875458 1644.062012 334.997895 1.254469 0.554862 1.834365 17.4744221744 -6.4473753976 76.2714698758 4.70607245114
trafficcone 0 0 -1.275529712204913 177.262115 369.636108 187.539398 405.175354 0.735743 0.139511 0.162925 -18.004200427 -3.6380857832 61.3670853143 -1.56090697658
trafficcone 0 0 4.468004908970083 1687.684326 426.689392 1700.457641 470.285614 0.735334 0.125069 0.329188 13.1053606369 -1.91487904653 51.5777110687 4.7168289003
cyclist 0 1 4.446883607742484 1708.644287 329.089203 1741.963257 399.691254 1.351268 0.238518 1.725232 16.7584465022 -3.9611345449 63.2028897733 4.70607245114
trafficcone 0 0 4.438829096263174 1774.276733 402.33139 1786.405395 439.450225 0.658636 0.090933 0.434064 15.8445233574 -2.6552090537 55.5188494222 4.7168289003
car 0 0 4.588935262911572 1166.64856 510.48291 1317.401856 643.275452 0.990137 1.566583 4.270495 3.42128780576 0.444385513233 38.5354049173 4.67748605799
trafficcone 0 0 4.493892419103406 1494.963989 667.648438 1516.068359 733.400269 0.679319 0.165233 0.271504 5.94695823203 1.69994498083 32.0272006303 4.67748605799
van 0 1 -1.5395827577047647 897.928467 295.990448 974.453613 376.972534 1.440912 1.716139 4.305202 -1.33331472476 -4.86510487534 67.0996414527 -1.55945081145
motorcyclist 0 1 4.487590005640589 1589.558472 252.872772 1622.350342 312.854217 1.482999 0.467747 1.856938 17.6148130001 -7.30278533309 79.336526984 4.70607245114
car 2 1 -1.3739733600440955 193.652771 848.948608 535.745422 1079.0 1.096781 1.769174 4.256253 -4.80348666435 3.69797660191 21.809354082 -1.59076108028
motorcyclist 0 0 4.560382216411021 1358.198853 248.305084 1385.719971 307.557953 1.585346 0.531272 1.883918 11.7203571934 -8.00442101616 85.3379344628 4.69686886509
cyclist 0 1 4.495572540520379 1410.695679 198.295731 1427.934082 241.846589 1.493443 0.258946 1.747626 16.574757867 -12.4400270595 107.226579139 4.6489356923
car 0 1 -1.5132674779821598 650.803955 770.547852 883.128967 1024.062623 0.900133 1.756243 4.231205 -1.87826897596 3.02162072522 24.1891921909 -1.59076108028
trafficcone 0 1 4.4775982649861445 1542.645996 722.591919 1561.846435 792.266602 0.615441 0.079225 0.449331 5.98006157186 2.13861985891 29.5175799022 4.67748605799
pedestrian 0 1 3.0178990993968937 1266.371704 334.460846 1290.213867 412.761231 1.558085 0.388748 0.438391 6.13167549055 -3.37587217491 59.29601007 3.12094075291
car 2 1 4.431115971995968 1418.759155 924.883057 1873.124023 1079.0 1.10558 1.973429 4.397032 4.51465516402 4.13186542155 19.9137510513 4.65405783347
trafficcone 0 0 4.416717929678367 1840.041992 427.688324 1853.835327 470.116119 0.715338 0.123218 0.317125 15.9456521084 -1.91517152217 51.5277039051 4.7168289003
trafficcone 0 1 -1.2436314108649418 79.925774 409.504242 91.430161 450.52066 0.735473 0.082284 0.298693 -17.8795468135 -2.3881035907 54.4496412085 -1.56090697658
trafficcone 0 0 4.5148719082706235 1551.739258 427.260468 1563.867798 469.76233 0.722714 0.14749 0.269288 10.542074772 -1.91652113989 51.4879836953 4.7168289003
pedestrian 0 0 4.405003758659811 1867.287842 399.389771 1901.422119 507.261414 1.688652 0.342382 0.442878 15.0880290773 -1.15418677446 46.8076485317 4.7168289003
car 0 1 4.685191569173926 952.999817 243.539642 1019.238892 304.371917 1.440087 1.928124 4.267856 -0.21698583667 -8.20519420504 85.3212117546 4.68264841063
car 0 0 0 934.873603017 158.881612392 969.57547826 195.984246299 0 0 0 0.0 0.0 0.0 0.0
car 0 1 0 940.984625072 146.659568281 971.539735349 173.504415167 0 0 0 0.0 0.0 0.0 0.0
car 0 0 0 936.183107743 122.579231373 958.190062169 142.221802265 0 0 0 0.0 0.0 0.0 0.0
car 0 0 0 897.261717272 110.57543805 920.359925636 130.581760255 0 0 0 0.0 0.0 0.0 0.0
car 0 0 0 978.014508717 114.031075522 999.839587486 136.219905603 0 0 0 0.0 0.0 0.0 0.0
car 0 1 0 968.73885024 105.846670983 988.381421132 121.306101778 0 0 0 0.0 0.0 0.0 0.0
car 0 1 0 940.184372184 112.394194614 961.281948327 133.85552207 0 0 0 0.0 0.0 0.0 0.0
bus 0 1 0 961.070602078 82.5707970478 984.310269286 109.59954043 0 0 0 0.0 0.0 0.0 0.0
car 0 0 0 856.020112108 94.3702429665 874.081375209 111.294783216 0 0 0 0.0 0.0 0.0 0.0
bus 0 1 0 890.83192108 70.0538718729 903.335872458 88.9992527487 0 0 0 0.0 0.0 0.0 0.0
car 0 1 0 777.462087767 121.562968674 803.65218229 144.348350909 0 0 0 0.0 0.0 0.0 0.0
car 0 1 0 713.041730268 108.322420888 732.320549847 124.691229965 0 0 0 0.0 0.0 0.0 0.0
car 0 1 0 722.06683684 146.235201719 755.022705781 180.718826174 0 0 0 0.0 0.0 0.0 0.0
trafficcone 0 0 0 1904.74433317 372.562612057 1916.26312474 393.023623403 0 0 0 0.0 0.0 0.0 0.0
trafficcone 0 0 0 1848.21131664 365.742274942 1860.48792344 388.022042852 0 0 0 0.0 0.0 0.0 0.0
trafficcone 0 1 0 1481.94100512 368.759237081 1494.51225049 403.95872412 0 0 0 0.0 0.0 0.0 0.0
