cyclist 0 0 3.5166021634163833 0 621.484009 23.34123 679.994385 0.57159 0.743408 1.541387 -13.3603353593 1.18363561006 35.4580906183 3.1562610922
trafficcone 0 0 0.30768309502484387 143.467468 385.346985 154.752319 420.555542 0.681291 0.308105 0.106112 -18.0071554686 -3.19229832898 58.9522975392 0.0112310972284
cyclist 0 1 0.04181643775619097 845.588074 588.065735 992.755005 722.741089 1.383949 0.732878 1.694058 -0.8488678825 1.55798829387 32.6059752199 0.0157881967932
trafficcone 0 1 0.26745554853189185 174.907364 370.368896 185.909729 403.109588 0.660199 0.305705 0.125064 -18.0765923408 -3.69603062785 61.4559527518 -0.018615543756
trafficcone 0 0 0.3176085372509975 112.599434 395.722076 125.358368 433.754333 0.708423 0.30908 0.120648 -17.9371812504 -2.81383567429 56.7026089214 0.0112310972283
car 0 1 1.7869424539245637 405.587189 294.174988 502.538758 365.207703 1.285651 1.47796 4.291213 -13.5348712507 -5.31412925834 69.6549992547 1.59502110413
trafficcone 0 0 -0.05726036548430792 1186.106201 323.361176 1197.178955 352.375061 0.678176 0.311564 0.258918 5.11381131663 -5.49582173497 70.8545496858 0.0147880734045
pedestrian 0 0 3.2067967771103127 877.607605 331.372253 908.727356 410.232086 1.577223 0.472222 0.630842 -2.14647509213 -3.46549052812 59.876998409 3.17096404684
trafficcone 0 0 -0.0545147941471802 1224.125122 365.740845 1235.401977 400.553376 0.707726 0.322613 0.225496 5.31967716989 -3.77669421842 61.8782104617 0.03124446225
trafficcone 0 0 -0.061067032658033996 1251.017456 391.510315 1263.103516 427.364807 0.67025 0.302962 0.220655 5.46549646323 -2.95457941921 57.0185844088 0.0344956509467
car 0 0 0.2367997575958895 162.430588 462.357117 480.335739 580.293457 1.411497 1.844808 4.316325 -10.1183499454 -0.118955124678 41.9625569786 0.000188427970251
trafficcone 0 0 -0.15947275796411664 1455.871948 624.270264 1475.862793 688.365296 0.709058 0.304578 0.178977 5.87988532901 1.28992950062 34.316312119 0.0102231071562
trafficcone 0 0 -0.1724313959111009 1491.369019 668.580261 1514.366578 736.40625 0.693415 0.313879 0.189997 5.90808414781 1.72646911318 31.9851648842 0.0102231071562
car 0 1 1.6788571793608642 740.966125 208.739746 791.644653 265.379394 1.650932 1.347071 4.25093 -8.12319184834 -10.8403323752 99.4874137303 1.59738745847
car 2 1 4.496969674066319 1355.082397 766.356323 1679.296875 1079.0 1.563747 1.655892 4.335277 4.16126811499 3.54587589043 22.6966697097 4.67829848536
trafficcone 0 0 -0.1484765384400183 1425.891479 587.580322 1443.265502 646.645385 0.695417 0.310912 0.164717 5.84524557491 0.850936665037 36.5223942338 0.0102231071562
trafficcone 0 0 -0.3102818711435931 1901.872437 539.098755 1916.677002 590.551331 0.664624 0.313705 0.076283 13.2951410919 0.163988228172 40.0516455889 0.0102231071562
trafficcone 0 1 -0.06495944806921466 1263.539795 404.536224 1275.238648 437.972168 0.59311 0.319527 0.201508 5.49154629826 -2.63849315642 54.7361290284 0.0350335835985
cyclist 0 1 0.19807092223110512 413.237366 570.696777 548.518555 712.147705 1.489609 0.746249 1.424369 -6.11614224441 1.46577727355 33.1806064626 0.0157881967932
pedestrian 0 0 3.049199637820662 1274.302246 524.181519 1312.388672 667.554688 1.654529 0.643334 0.398724 3.85140794241 1.04444613802 35.4626697336 3.15738020764
car 0 1 1.6913730458746519 656.826477 290.187775 738.479431 375.515107 1.562955 1.453072 4.273321 -7.16969483487 -4.92624272624 67.5415686438 1.58561676173
pedestrian 0 0 4.541893907600516 1467.767212 188.609665 1482.356079 230.909165 1.596329 0.489153 0.3086 19.4911138326 -13.3066028241 111.517169248 4.71492734761
trafficcone 0 1 -0.10606782454331518 1323.389893 324.055695 1331.881592 351.836274 0.650269 0.307365 0.173019 8.6275314211 -5.52302201872 71.0390275308 0.0147880734044
car 2 1 4.5577896667806606 1054.624512 806.413757 1320.516602 1079.0 1.673426 1.472287 4.233492 1.46752104609 3.95760751481 22.3416206971 4.62338096519
car 0 1 1.7963832062480722 358.751617 271.035828 441.60144 339.328125 1.424021 1.290857 4.231605 -16.4092616372 -6.49043832375 76.6989210315 1.58561676173
car 0 1 1.7442787284274248 492.871826 233.996521 573.585144 301.571289 1.617816 1.665479 4.245823 -13.8962265688 -8.13788184322 83.8080111968 1.57996344519
motorcyclist 0 0 3.091539724665569 165.320892 352.823273 242.006485 429.338715 1.37783 0.75786 1.420836 -16.3959107395 -2.99663195804 57.4560294306 2.81356348829
car 0 1 1.7451694622234337 526.709717 283.119873 618.725769 371.983581 1.68626 1.502667 4.233664 -10.3661712968 -5.07298206411 68.5199221822 1.59502110413
car 0 1 1.752879216810166 473.631989 271.625885 545.225525 337.033234 1.342699 1.167307 4.264212 -13.3574246325 -6.53999509348 76.56067846 1.58014932993
pedestrian 0 0 0.13175882891701068 605.444946 327.963623 639.438476 401.706268 1.503452 0.543437 0.645092 -8.22079203155 -3.73981826893 61.441772958 -0.00124931680853
van 0 1 1.7206516378397931 570.077026 231.591583 660.382934 332.359497 2.306943 1.79171 4.550067 -10.5177205244 -6.74598846407 77.4149227777 1.58561676173
trafficcone 0 1 0.32501240387747266 146.82048 325.966522 156.584167 355.596191 0.695803 0.314313 0.109333 -21.6692845891 -5.43976169273 71.1478584374 0.0293710525881
trafficcone 0 0 -0.30583347517132053 1839.524658 426.417023 1854.271606 470.723877 0.747413 0.325082 0.133774 15.9392798809 -1.9045349167 51.5125582199 -0.00575236146868
car 0 1 -1.4832678807366955 688.804871 701.453491 895.144532 908.217468 0.810259 1.595666 4.267992 -1.84899654504 2.4169087224 26.6325536171 -1.55258284075
trafficcone 0 0 -0.2835935562652962 1773.332642 401.182098 1786.517823 440.798675 0.719071 0.336707 0.132926 15.835434568 -2.62313648494 55.5214053688 -0.00575727854149
car 2 1 -1.4897167860745795 584.461609 923.912476 899.43927 1079.0 1.109217 1.756278 4.969633 -1.61357967198 4.14616129363 19.4787285315 -1.57236611924
cyclist 0 1 0.08130816719502268 735.080078 609.702148 884.156921 734.881347 1.190633 0.743607 1.583686 -2.02045405406 1.5927984274 30.7930854374 0.0157881967932
motorcyclist 0 0 3.3806836970045704 359.979004 351.46344 447.223694 431.051392 1.470642 0.776628 1.559566 -12.1053557766 -2.90740525995 56.8728742043 3.17096404684
car 0 1 1.7673084451376273 480.823425 211.945755 548.447509 268.135956 1.605299 1.52863 4.220829 -16.9284471227 -10.5905703077 98.020694983 1.59629259697
car 0 0 1.8269117310877143 283.43042 282.907501 392.617279 367.303131 1.606776 1.586142 4.233212 -16.3622737698 -5.23587423 69.2909967699 1.59502110413
trafficcone 0 1 0.2807125109901396 277.622955 323.461273 289.488647 356.278442 0.769395 0.339524 0.173169 -18.2217944691 -5.41054592138 70.9650656517 0.0293710525881
car 0 1 1.6803892681535566 691.676147 234.193085 765.661743 312.459137 1.887972 1.718434 4.2459 -7.85978481443 -7.72821771621 82.6847285413 1.58561676173
trafficcone 0 2 -0.18889584165582354 1562.474854 379.840363 1572.54419 413.8508 0.66552 0.301815 0.136135 12.4128991344 -3.36347669896 59.5867154439 0.0164834646577
car 0 0 3.1857552355087853 0 453.274597 17.51141 524.880188 0.666848 1.848531 4.09443 -18.4948336429 -1.08166037023 46.1657372745 2.80471605827
motorcyclist 0 0 3.25767305610014 701.871826 344.171234 801.322693 428.941742 1.582497 0.763593 1.945491 -4.96857885461 -2.96252282459 57.1580813068 3.17096404684
trafficcone 0 1 -0.25290750551914126 1728.230713 539.528687 1744.487183 586.84845 0.608157 0.301591 0.129597 10.7743480485 0.113952100623 39.9973563088 0.0102231071561
trafficcone 0 1 0.3292128439584542 76.465492 410.213837 90.598564 450.653046 0.721782 0.316061 0.128477 -17.9114513096 -2.38541974291 54.4171250102 0.0112310972284
trafficcone 0 0 -0.28912803167085627 1763.99939 354.355652 1772.600953 375.209534 0.452203 0.307688 0.098521 18.9591994527 -4.70110978495 67.4317423982 -0.0150427378729
trafficcone 0 1 -0.18803229327901744 1538.73291 721.672607 1562.920288 793.199279 0.672485 0.306835 0.177508 5.97685416028 2.17127347913 29.5814056993 0.011331404532
car 0 1 -0.16465738704616176 1320.758179 454.309235 1615.903931 571.83899 1.426166 1.848458 4.161406 7.22105664882 -0.237780466875 42.2923058921 0.0044534668899
trafficcone 0 0 -0.05736445767182326 1238.155518 379.068359 1249.300782 412.77594 0.654451 0.305424 0.212068 5.39281155889 -3.36644418916 59.2411570787 0.0334168367433
motorcyclist 0 1 -0.5738988019510796 1441.932861 342.742096 1490.295044 421.723267 1.507386 0.784111 0.660447 10.1786741295 -3.23670954537 59.4084420432 -0.404212595221
pedestrian 0 1 4.545710276654691 1505.157959 228.101379 1525.509155 289.931335 1.841516 0.530802 0.334006 16.6471318804 -8.71121815152 87.9633092512 4.73274908515
trafficcone 2 0 -0.2958034620118008 1760.724731 971.520386 1803.481689 1079.0 0.780875 0.320128 0.198143 6.13296081005 3.72793933834 21.4930039792 -0.0178435481044
car 0 1 2.9348961631630726 1455.242676 381.579865 1734.896485 491.029969 1.610194 1.893353 4.523999 10.6899749559 -1.60156025176 49.3127512692 3.14837221634
car 0 1 4.302990195587275 1049.874756 168.273895 1124.562622 200.937179 1.325928 2.272468 4.272229 4.76907422589 -18.2059206821 139.505891094 4.33716235637
trafficcone 0 0 -0.2505333529462711 1736.060669 346.297913 1746.281494 366.188965 0.440191 0.316709 0.154004 18.7094900191 -5.02120070254 68.9529635975 0.0144242134351
cyclist 0 0 0.1755147033184462 473.750092 592.396851 615.900086 751.529908 1.584774 0.740481 1.429202 -5.03964085332 1.7975403568 31.2829088207 0.0157881967932
car 0 1 0 677.220496881 277.009999904 746.187745791 344.951470111 0 0 0 0.0 0.0 0.0 0.0
car 0 2 0 725.234215167 230.646257572 771.612507551 281.935192679 0 0 0 0.0 0.0 0.0 0.0
car 0 1 0 756.399700147 195.51365729 806.567068706 249.015412883 0 0 0 0.0 0.0 0.0 0.0
motorcyclist 0 0 0 760.431089623 146.233179683 776.193646512 179.577050025 0 0 0 0.0 0.0 0.0 0.0
car 0 0 0 978.074772141 114.461298528 1003.75628844 139.932310594 0 0 0 0.0 0.0 0.0 0.0
car 0 1 0 968.724875838 110.966928278 986.617735554 129.298338477 0 0 0 0.0 0.0 0.0 0.0
car 0 0 0 927.861092651 100.358216668 946.104792754 115.619773485 0 0 0 0.0 0.0 0.0 0.0
car 0 1 0 880.652290904 83.0403593829 905.386538158 92.3025455889 0 0 0 0.0 0.0 0.0 0.0
pedestrian 0 1 0 1571.62766053 237.127853752 1581.31799551 266.460759617 0 0 0 0.0 0.0 0.0 0.0
trafficcone 0 0 0 1799.81993604 360.11516705 1810.58091237 381.030867537 0 0 0 0.0 0.0 0.0 0.0
trafficcone 0 0 0 1849.07792631 366.632378071 1861.20297007 387.093389417 0 0 0 0.0 0.0 0.0 0.0
trafficcone 0 0 0 1904.95619048 371.730958972 1916.23248118 392.282908147 0 0 0 0.0 0.0 0.0 0.0
