trafficcone 0 0 -0.33754358902719145 1836.390625 425.334381 1853.701782 473.563782 0.819708 0.304765 0.17639 15.9081222077 -1.85382667153 51.5301159976 -0.038110639585
car 0 1 1.6307702125442836 738.646912 152.982193 770.27594 180.567245 1.297021 1.522062 4.282198 -13.5421897983 -21.5785006311 157.218945574 1.54484642981
trafficcone 0 2 -0.27255450900655864 1668.582397 390.598938 1680.81665 436.943329 0.880338 0.317791 0.13019 14.1687549617 -2.78380614552 57.3512224128 -0.0303520117087
car 0 1 1.6501266596109392 669.705017 170.79631 715.618408 213.637451 1.674744 1.776025 4.269692 -14.0361589083 -16.3356824457 129.470122592 1.54213608158
trafficcone 0 0 -0.28638080596527654 1561.551392 377.561768 1573.45691 416.393067 0.758141 0.345171 0.133386 12.4088628974 -3.31426605692 59.5764389968 -0.0810319925733
motorcyclist 0 0 1.85902297895986 61.748631 278.815399 95.546158 346.293396 1.55588 0.272798 1.814109 -24.527483639 -5.98718811976 74.1896307041 1.53972967859
car 0 0 4.663074175565195 1065.327881 298.219177 1139.873902 365.358185 1.197621 1.675409 4.239185 2.76259402254 -5.33323859054 69.976170614 4.70253275242
motorcyclist 0 0 4.4469403519116115 1648.182129 381.473877 1722.015015 487.547669 1.556128 0.68728 2.245829 12.65950358 -1.72533557251 50.6048058859 4.69207341633
car 0 0 4.659210814502755 966.236938 421.177216 1082.728149 525.944031 1.060407 1.735596 4.193986 0.497547796692 -1.16371156996 46.506225533 4.66990892663
pedestrian 0 1 4.414020813279567 1768.244507 376.67276 1797.75232 478.287659 1.717533 0.325967 0.424263 14.4104590997 -1.74168205438 50.4266997683 4.69237236793
car 0 0 4.658403361362785 1028.851807 191.444031 1077.810303 237.583802 1.557065 1.804767 4.21159 2.50711230841 -13.5307594758 114.492193295 4.6802975327
cyclist 0 1 4.530293654058167 1449.482666 211.852707 1471.517334 265.400299 1.697809 0.440719 1.643306 16.6894775475 -10.6354343403 98.5012462699 4.69813382935
trafficcone 0 0 -0.22200824214123246 1491.058594 667.327637 1516.920532 736.698609 0.708983 0.319028 0.208271 5.93216142001 1.73137251235 32.0468747816 -0.0389711913537
motorcyclist 0 1 4.4825778507735725 1598.484375 273.126801 1626.712646 334.988801 1.467164 0.297959 1.869445 17.2259505491 -6.48922775513 76.753637774 4.70335132538
car 0 1 -1.566260588261135 891.109375 269.564667 966.006165 341.082398 1.471337 1.98223 4.27608 -1.73401583934 -6.36001799729 75.5804726464 -1.58919920763
car 0 1 4.693098014059055 954.072266 254.077789 1014.969788 309.913391 1.254034 1.762916 4.283802 -0.260736263694 -7.90669123616 83.8066976788 4.68998686149
trafficcone 0 0 -0.2053002363112493 1452.874634 624.467163 1476.797608 688.245178 0.699635 0.327045 0.211576 5.87598790541 1.2870530815 34.3685638805 -0.0359676305037
car 0 0 1.791512629143985 291.148895 429.408264 445.652496 545.196289 1.128375 1.47513 4.341547 -9.99278571529 -0.854210098612 44.5460220257 1.57084076875
trafficcone 0 1 -0.2470352356681618 1537.325073 721.134949 1563.388061 794.217896 0.665493 0.382962 0.161997 5.95414460738 2.16435797474 29.4945207382 -0.0478394551698
trafficcone 0 1 -0.15251788494225663 1264.353271 404.462738 1275.919433 437.951752 0.595362 0.320156 0.172866 5.52602987267 -2.64873280357 54.9314215741 -0.052256490456
trafficcone 0 0 0.26719319341713094 114.25425 395.7547 127.947846 436.652954 0.764547 0.300236 0.152633 -17.8860971994 -2.75631203869 56.6842857362 -0.0384578104545
car 0 0 -1.5255306746854138 754.060913 574.544189 912.144714 728.266357 0.913163 1.71097 4.235329 -1.87242935793 1.26064310803 33.5861833923 -1.58122301313
cyclist 0 1 4.582404502949923 1383.235596 190.128174 1400.815918 234.785919 1.612165 0.456391 1.668113 16.1707781902 -13.2308748114 111.762018589 4.72609669643
cyclist 0 1 4.51469573939325 1504.495728 242.920868 1529.200684 294.677216 1.377581 0.392519 1.624469 16.0531024399 -8.29250787422 84.5613672374 4.70230294205
trafficcone 0 0 -0.07897794406034311 1251.401855 390.499969 1261.160278 427.154022 0.684266 0.331896 0.165347 5.45933975075 -2.96571642394 57.1228976521 0.0163044847957
trafficcone 0 0 -0.19870169891632536 1423.981934 586.111267 1443.042359 647.148743 0.719288 0.315207 0.171581 5.83904365076 0.857218805935 36.5741891262 -0.0403884027051
car 0 1 4.602887900310408 1023.556946 678.80365 1218.504883 879.031677 0.880517 1.516963 4.221445 1.23297060173 2.31810611283 28.0974602175 4.64674168969
motorcyclist 0 0 3.9506738362808327 1743.754517 314.332703 1806.130494 386.087647 1.46249 0.131139 1.868839 18.76029988 -4.45460981453 66.2822745257 4.22649601579
car 0 0 -1.541868492475421 821.888855 311.671478 903.535217 394.003753 1.35996 1.749236 4.250586 -2.96599738183 -4.28188853463 63.9083209149 -1.58824540544
trafficcone 0 1 -0.08019784840120915 1239.210327 378.025757 1249.058227 414.703736 0.716461 0.305833 0.176772 5.40762766976 -3.33098646388 59.3124450336 0.0107226768743
trafficcone 0 1 0.30389569657383586 77.363174 409.337952 93.400665 451.040223 0.739856 0.363734 0.15764 -17.8987166614 -2.38497078159 54.4914063317 -0.0134702386483
car 2 1 -1.365574040230136 194.017868 849.656067 537.10228 1079.0 1.048582 1.752618 4.215917 -4.79198933328 3.64665303523 21.7771674517 -1.58216869175
cyclist 0 0 2.8859301583939514 1603.494507 557.746948 1726.54065 708.879638 1.647979 0.637183 1.269218 8.17750432011 1.46275635999 33.7148163419 3.12388417649
trafficcone 0 1 -0.12566023599973108 1224.598877 364.66568 1235.606812 402.839935 0.777947 0.328263 0.195737 5.32616997137 -3.72836669876 61.8707399256 -0.0397865050156
trafficcone 0 1 0.27715514912779887 146.213837 325.123108 156.69751 357.631043 0.765321 0.326756 0.134082 -21.6896859218 -5.39478662885 71.2006433237 -0.0185417861579
car 0 2 4.673836084032542 1086.79895 136.306259 1117.662231 162.125381 1.457439 1.880065 4.236879 7.27753094268 -26.2789594437 183.206567842 4.71353830023
trafficcone 0 1 -0.1475970528687311 1322.43811 323.509094 1332.632324 355.980285 0.7618 0.341287 0.197946 8.63420131446 -5.43049294533 71.1252694471 -0.0267938609041
motorcyclist 0 0 4.591913513103667 1283.92981 206.266495 1307.629517 258.522858 1.755268 0.650654 1.818083 11.4892107358 -11.5471124669 104.638130979 4.70127489742
motorcyclist 0 1 2.9982996136216937 1272.091187 344.24118 1363.5625 429.664672 1.587727 0.870384 1.754442 6.76430480984 -2.97770718321 57.5382717236 3.11532429706
trafficcone 0 1 -0.2789983847298807 1729.165161 538.454102 1744.806396 590.690796 0.672755 0.322826 0.104487 10.7856725588 0.164615264798 40.0113604637 -0.0156918007395
pedestrian 0 1 3.0347494836956597 1244.373535 318.469971 1264.450928 403.681458 1.766709 0.416333 0.377053 5.84235371941 -3.70320561216 61.6582428532 3.12922124071
pedestrian 0 1 3.0426026768773164 1265.523071 334.962769 1289.993652 422.78064 1.742017 0.511195 0.445925 6.12664864631 -3.18314223823 59.3769948028 3.14542101454
car 0 0 4.706127590806556 898.691284 144.529892 931.663879 171.921661 1.402434 1.977049 4.296085 -4.73017784057 -23.6322005168 168.609396657 4.67808088885
car 0 1 4.644464914153026 1005.880859 164.745178 1048.696655 203.703888 1.605445 1.833419 4.238077 1.70735726013 -17.6616789797 136.384798519 4.6569829374
car 0 0 4.664668532576746 933.26825 134.58934 961.573243 160.428207 1.479156 1.699037 4.159557 -3.02988005239 -26.6801899398 185.263031032 4.64831551306
motorcyclist 0 0 4.564868271288407 1591.154175 293.095459 1620.48291 351.670898 1.316557 0.458309 1.817978 16.4048605446 -5.82918327776 73.896239786 4.78332409235
bus 0 1 4.651249749624475 987.708069 104.602051 1032.294922 171.296997 3.688793 2.236944 10.35509 1.09249861483 -25.031337736 177.403845406 4.65740792958
car 2 0 4.593340571770747 1072.333496 1027.728516 1442.988159 1079.0 1.041086 1.778393 4.43123 1.52977604805 4.47862153607 17.5589087985 4.68024364165
car 0 0 4.648205774463837 1040.385498 243.347427 1099.383545 296.787933 1.295736 1.62585 4.191609 2.46308916967 -8.73543125708 88.5975300095 4.67599949398
car 0 1 4.686037712031777 944.592896 180.534576 993.023316 229.275985 1.763793 1.991659 4.24958 -1.0433085632 -14.5379876158 120.196987356 4.67735794072
car 0 0 -1.5688752137760302 793.214294 398.923737 905.367004 514.182496 1.305947 1.850903 4.266899 -2.48394140027 -1.38657425614 48.1537768183 -1.62041305639
trafficcone 0 0 -0.07203203148603726 1186.618896 322.908142 1196.867187 354.120605 0.730996 0.323953 0.232073 5.12089756848 -5.45916395103 70.9207530739 4.87838838469e-05
trafficcone 0 0 0.25706607525702035 175.5159 368.579224 188.626358 404.864777 0.733557 0.320488 0.166773 -18.0399736641 -3.66052250291 61.4645936428 -0.028418529167
pedestrian 0 1 4.3931226148649865 1785.080566 386.275146 1820.797119 480.492797 1.600464 0.463307 0.346613 14.8052382843 -1.70171486254 50.5231853717 4.67818053583
motorcyclist 0 1 4.4963420086710375 1559.330322 251.623337 1583.152588 305.654877 1.378213 0.266013 1.821947 17.2052183713 -7.75559307881 82.1173140956 4.70287441755
trafficcone 0 0 -0.26455583880130845 1691.250854 422.022278 1704.405151 457.660919 0.593207 0.326068 0.132888 13.1704437768 -2.13741556155 51.5454007748 -0.0143966260396
trafficcone 0 0 0.18357924582587343 277.199921 323.537933 289.303315 355.811981 0.75619 0.326221 0.2116 -18.2379179342 -5.42442973858 70.9961591451 -0.067869765966
bus 0 1 1.631613859541538 696.90564 171.908447 801.658081 294.870666 3.191663 2.792554 8.430245 -7.73825655356 -9.02074459588 89.0552029392 1.54493875788
trafficcone 0 0 0.2812554646310379 142.894592 383.290833 156.306457 420.62735 0.721132 0.332408 0.149503 -17.9916531668 -3.19200249607 58.9400051642 -0.0150142184613
bus 0 0 1.692646635118553 487.368744 147.473129 596.194153 254.467743 3.279501 2.71139 10.966126 -17.1700093878 -12.1877963202 106.084346856 1.53218570463
trafficcone 0 0 -0.38980051059170706 1898.753052 537.476807 1917.77771 593.814881 0.732238 0.308186 0.113735 13.2749326666 0.208587787759 40.0412753911 -0.0696727389183
pedestrian 0 2 4.5578938115847665 1360.829956 183.794418 1376.325439 220.805694 1.490317 0.560681 0.528225 16.3560940689 -14.7493976559 120.053910972 4.69329972913
cyclist 0 0 4.473473259376984 1640.352295 293.533508 1665.109863 366.661895 1.624016 0.18112 1.606235 16.8891992373 -5.20762332406 70.6988138846 4.70796788916
trafficcone 0 0 -0.20472400652821313 1549.981689 426.027344 1563.998168 468.640076 0.714631 0.346253 0.165724 10.5372225851 -1.94395748464 51.5384841952 -0.00304994221308
pedestrian 0 1 2.9177029648494948 1467.299438 330.975891 1499.546264 402.69989 1.489241 0.326231 0.608276 10.9703046972 -3.72605564679 61.7553643254 3.09351031413
car 0 0 1.6701100537750473 648.949158 297.526245 730.106751 379.778198 1.459871 1.506475 4.197699 -7.26150708779 -4.76057180359 66.5535512913 1.56143221217
cyclist 0 1 4.543586577200942 1553.725586 267.81897 1577.259399 323.666962 1.345378 0.329722 1.656028 16.0662152794 -6.83606745278 77.4537132643 4.7481159486
car 0 1 4.68113230288258 879.456421 136.982239 910.57428 162.651428 1.426129 1.900503 4.229505 -6.40508772963 -25.9596340998 181.186315799 4.64579618165
car 0 0 4.629832550663557 1131.056152 391.237762 1253.693237 509.719085 1.392712 1.788747 4.294913 3.46829989038 -1.46552985367 48.6302026007 4.7010318683
cyclist 0 1 4.531005946507499 1515.110718 257.710968 1543.87732 311.252411 1.352931 0.495443 1.666839 15.7397821845 -7.48625864423 80.9662419139 4.72301048065
car 0 1 4.666474713146505 937.138428 221.317566 988.056702 271.944855 1.326637 1.533293 4.267535 -1.03056654903 -10.0317165588 93.8438450543 4.65549343757
trafficcone 2 0 -0.3278374316090257 1762.668823 976.230652 1801.925537 1079.0 0.675997 0.336959 0.162818 6.15528024389 3.67434216699 21.5559394624 -0.0496904496328
car 0 1 0 949.023999975 160.358422159 985.399131257 192.732288999 0 0 0 0.0 0.0 0.0 0.0
car 0 2 0 936.428414253 123.96679462 963.478208059 149.227302455 0 0 0 0.0 0.0 0.0 0.0
car 0 1 0 971.767628948 104.604608629 994.198959905 123.246863411 0 0 0 0.0 0.0 0.0 0.0
car 0 0 0 902.351753419 103.5436673 921.297134295 122.337485129 0 0 0 0.0 0.0 0.0 0.0
bus 0 1 0 956.980127662 81.8317556065 978.57786186 109.365709146 0 0 0 0.0 0.0 0.0 0.0
bus 0 1 0 890.671294597 68.3173839151 907.469532307 88.0205800259 0 0 0 0.0 0.0 0.0 0.0
car 0 0 0 837.396883574 102.186874903 858.236802537 122.395281171 0 0 0 0.0 0.0 0.0 0.0
car 0 1 0 749.089179446 135.777287801 780.917419317 161.694568839 0 0 0 0.0 0.0 0.0 0.0
trafficcone 0 1 0 1482.48532442 367.770203318 1493.22326318 402.864929978 0 0 0 0.0 0.0 0.0 0.0
car 0 2 0 748.455252067 163.170595909 781.374745877 190.815695683 0 0 0 0.0 0.0 0.0 0.0
trafficcone 0 0 0 1904.60641575 371.626499086 1915.97364427 392.542199573 0 0 0 0.0 0.0 0.0 0.0
