car 0 0 1.6506626948345031 527.08551 284.577972 617.154724 369.422821 1.584597 1.837328 4.186864 -10.3905117481 -5.14035690054 68.5720565161 1.5002797735
motorcyclist 0 1 2.983336177060072 1281.925293 344.951874 1381.793457 424.848297 1.496172 0.642131 1.949387 7.03354532428 -3.04877086917 57.3327657179 3.10540555605
trafficcone 0 0 4.48518331180392 1561.337524 380.144836 1574.989746 416.450347 0.697064 0.175039 0.420398 12.4173356055 -3.31577001329 59.5443918384 4.69077592792
car 0 0 1.76663565960918 284.945679 281.562836 394.449372 369.058716 1.674324 1.820855 4.258926 -16.357255389 -5.21323924228 69.4597305915 1.53535689188
car 0 0 1.637769872636715 657.642578 293.97644 740.274048 374.431549 1.440609 1.697725 4.249874 -7.13276625764 -4.95034850865 67.4882897967 1.53247183005
car 0 0 -1.5189220076664087 997.053528 245.95752 1058.311402 305.782471 1.413134 1.673324 4.2169 1.11120314985 -8.15229912129 85.2267236609 -1.50588454544
motorcyclist 0 1 4.686875571318302 854.101318 263.9617 882.184448 316.428131 1.281697 0.750735 1.754757 -3.57993455851 -7.21788899981 79.4956358546 4.64187288093
trafficcone 0 0 4.521303395680481 1454.806519 625.123108 1475.656739 689.805725 0.697336 0.164636 0.396829 5.88657603563 1.29958425722 34.4015148579 4.69077592792
car 0 0 4.524241392705267 1237.981812 575.052734 1410.570557 724.464965 0.917685 1.374813 4.180961 4.09201465824 1.27141234561 34.6261304894 4.64187288093
trafficcone 0 0 4.600140298160342 1237.223877 378.941132 1249.480469 416.519776 0.72122 0.207799 0.410613 5.38954730295 -3.30036508277 59.3009744605 4.69077592792
trafficcone 0 0 4.532165069470629 1426.149414 587.444824 1442.502808 647.676941 0.687007 0.120535 0.437583 5.86123674902 0.853465788777 36.6431592756 4.69077592792
trafficcone 0 0 4.488836212318482 1552.39209 425.981689 1563.199829 471.946594 0.759022 0.076457 0.441404 10.5224380993 -1.88716306417 51.3965958496 4.69077592792
car 0 0 4.676618454774907 876.710327 162.812347 916.744568 197.948318 1.47925 1.875432 4.306837 -4.88814010592 -18.4847564247 140.627203129 4.64187288093
trafficcone 0 1 4.427765719710685 1728.077759 539.951782 1744.212647 594.95935 0.685582 0.069786 0.460623 10.7601643201 0.210128019559 39.9638607957 4.69077592792
trafficcone 0 0 -1.2863957395934176 141.851364 384.468872 156.139526 421.501984 0.70092 0.133915 0.452202 -18.020947014 -3.18471582026 58.9922501702 -1.58287235714
trafficcone 0 1 4.601267546593372 1263.095337 402.565918 1274.192627 438.796448 0.634814 0.165053 0.410958 5.48054268615 -2.63112656461 54.7778133862 4.70098610969
car 0 0 4.380878717110977 81.704948 510.068604 296.688011 646.854981 1.037561 1.542963 4.1809 -11.1757358671 0.487330558257 38.3130157081 4.09705799697
car 0 1 4.705358043206296 1042.98291 221.087097 1099.78479 274.013519 1.513123 1.953503 3.551598 2.76007911482 -10.2631499328 96.9971896831 4.73380561513
car 0 0 4.66400973807548 992.693298 152.541122 1024.43396 181.380905 1.382181 1.626813 4.146442 0.917234622518 -21.7206209389 158.599456045 4.66979301388
pedestrian 0 0 4.534721945803829 1438.435547 170.424545 1452.556641 212.214676 1.696269 0.417152 0.911006 20.0165955023 -15.3593370144 121.996730827 4.6973478022
trafficcone 0 0 4.604769980733323 1224.967651 366.514648 1235.943969 402.3255 0.716603 0.191884 0.420099 5.33116843713 -3.74244482991 61.8331313059 4.69077592792
trafficcone 0 1 -1.287208829864948 146.734848 325.700562 156.736298 351.934083 0.607215 0.116429 0.36947 -21.6861642677 -5.53633968509 71.1978751625 -1.58287134028
trafficcone 0 1 -0.34902405595285496 1322.987305 324.762115 1331.797119 352.973053 0.645833 0.449509 0.061224 8.61405809837 -5.4982062106 70.9801696359 -0.228255975375
trafficcone 0 0 4.442347027781012 1686.526611 427.880066 1699.224609 470.522553 0.701084 0.083746 0.454629 13.0928445342 -1.92123169938 51.6138812216 4.69077592792
car 0 0 -1.4376678504701534 946.763855 163.506393 983.106445 196.714675 1.42635 1.357336 4.021402 -1.40549940188 -18.7853269573 142.544811375 -1.447527584
trafficcone 0 0 4.448431659436865 1668.856689 390.064148 1681.119751 430.78183 0.752263 0.101561 0.46028 14.1960318528 -2.9184040293 57.4266648418 4.69077592792
trafficcone 0 0 4.5130280566441865 1483.176392 369.557129 1493.531495 403.818878 0.682501 0.126673 0.428513 11.1070338221 -3.71076705019 61.8281029951 4.69077592792
trafficcone 0 0 4.412868072951042 1774.416504 400.317383 1785.962402 442.70166 0.757868 0.058852 0.450127 15.8428762348 -2.59496195976 55.5324265307 4.69077592792
trafficcone 0 0 4.595682223876279 1250.284546 394.475525 1261.19458 428.813019 0.62517 0.167126 0.429314 5.44811144244 -2.93970511424 57.1192331303 4.69077592792
trafficcone 0 0 4.3905893211015705 1838.696411 426.585815 1855.703003 470.480255 0.728281 0.143253 0.417265 15.972643992 -1.91895091056 51.6011068372 4.69077592792
car 0 0 4.639583388720413 959.895752 320.398224 1039.897705 390.068878 1.11827 1.599342 4.181516 0.150108975034 -4.47205971249 65.56419452 4.64187288093
motorcyclist 0 1 4.390015556722234 1818.826416 363.225983 1882.106079 453.369477 1.458562 0.537464 1.946858 16.9405694365 -2.45816424829 54.6171215481 4.69077592792
trafficcone 0 1 -1.2654314812515055 78.389397 407.816315 91.985276 448.830292 0.719168 0.090439 0.427682 -17.9105063353 -2.43161444701 54.513519604 -1.58287235714
trafficcone 0 0 -1.2769396104558446 113.038002 395.686859 127.641281 433.794647 0.693668 0.127624 0.437383 -17.9199384704 -2.82340322497 56.7358269635 -1.58287235714
pedestrian 0 0 4.35117865864007 1772.821655 281.541504 1789.690796 343.772278 1.508048 0.151755 0.616592 20.8634848841 -5.9003725611 73.0781677284 4.62927599251
car 0 0 1.692110324244457 406.175323 295.464661 502.521911 365.715912 1.265334 1.854922 4.129333 -13.5127805038 -5.29521423414 69.5750509876 1.5002797735
pedestrian 0 1 3.398778987485056 141.610703 334.721466 173.185822 404.613037 1.43017 0.388061 0.510926 -18.4742587062 -3.65282925593 61.1547485481 3.10540555605
trafficcone 2 0 4.413256941301969 1760.080322 976.747986 1800.644165 1079.0 0.641751 0.150848 0.44664 6.15301305815 3.66800850589 21.5993663052 4.69077592792
car 0 0 4.625408425955838 966.45636 536.230164 1117.825928 676.742554 0.957162 1.648922 4.295356 0.60781552957 0.800389161985 36.9134968374 4.64187288093
trafficcone 0 1 -1.331028730933067 276.206573 325.243805 287.9794 357.780731 0.753561 0.161547 0.431693 -18.279312539 -5.38471093071 71.0412558959 -1.58287134028
trafficcone 0 0 4.370440222518445 1900.692993 538.502747 1916.837158 591.521912 0.661461 0.036743 0.458292 13.307584616 0.164091304636 40.1118387817 4.69077592792
cyclist 0 0 2.8706853384045843 1594.210205 528.969238 1716.128052 666.122986 1.593645 0.611253 1.360985 8.589258098 1.03821079972 35.9190959743 3.10540555605
van 2 1 -1.5047917062490181 576.042603 851.148987 975.428833 1079.0 1.74792 1.962204 6.191854 -1.11177177053 4.17700410036 17.2799531518 -1.56904196816
trafficcone 0 0 -1.1955076157493132 1187.109985 322.033691 1197.756469 356.845703 0.809086 0.107033 0.456832 5.15971879002 -5.42155141868 71.2088622361 -1.12317508652
van 0 0 1.595586942801342 701.813477 168.609558 753.698792 228.676422 2.155848 2.035778 4.482487 -11.1845801569 -14.1877508516 116.997439237 1.5002797735
motorcyclist 0 1 2.9762562196869378 1307.216187 361.674744 1396.046509 430.547272 1.207597 0.782293 1.623726 7.15184058048 -2.83080399377 55.0682901785 3.10540555605
trafficcone 0 0 3.390814114477153 176.523712 369.682861 188.202347 404.05664 0.679589 0.426846 0.113577 -18.0091957997 -3.6788246068 61.3770015959 3.10540555605
car 0 1 1.676542571244134 690.895996 236.385773 763.778747 310.048432 1.758178 1.706107 4.176735 -7.88519872863 -7.77645700146 82.511071829 1.58126657055
trafficcone 0 1 4.502203001266566 1540.602661 721.563477 1563.949463 794.128907 0.647072 0.134445 0.440745 5.97365808086 2.15640590694 29.4881863855 4.70207618232
car 0 1 4.657884170746109 931.240295 152.351135 965.603637 179.446853 1.303226 1.769959 4.179857 -2.5698434291 -22.0857034997 160.488246256 4.64187288093
pedestrian 0 1 3.0015250804449574 1269.900757 335.631836 1291.336304 411.969116 1.522746 0.524679 0.36833 6.26263901597 -3.4446687521 60.069957558 3.10540555605
trafficcone 0 0 4.507717921529778 1492.402588 667.953247 1515.648682 737.299133 0.682039 0.159151 0.439268 5.93103371408 1.72385778554 32.0370315592 4.69077592792
car 0 0 -1.5304153511913317 800.556396 308.879059 896.085205 402.777344 1.557646 1.964776 4.302055 -3.21466482805 -4.00968216771 62.4394099541 -1.58185448255
car 0 0 4.5749783695942625 1122.397217 383.23288 1237.425049 479.915436 1.15413 1.578428 4.323696 3.48803882761 -2.06572050387 52.0645768757 4.64187288093
car 0 0 0 774.481063935 132.556831732 801.762412396 157.437421529 0 0 0 0.0 0.0 0.0 0.0
car 0 0 0 829.480262432 114.442016354 852.178344352 137.358349061 0 0 0 0.0 0.0 0.0 0.0
car 0 0 0 807.0004313 111.386505326 827.734256131 128.191815978 0 0 0 0.0 0.0 0.0 0.0
car 0 1 0 818.567723048 103.311226182 837.337290789 118.807032108 0 0 0 0.0 0.0 0.0 0.0
car 0 1 0 882.726179602 141.445458812 912.008160284 169.272434242 0 0 0 0.0 0.0 0.0 0.0
car 0 0 0 938.309401041 118.215895808 961.549068248 139.561024928 0 0 0 0.0 0.0 0.0 0.0
car 0 0 0 974.053019627 105.711944429 992.493190346 122.3838796 0 0 0 0.0 0.0 0.0 0.0
car 0 1 0 927.69998775 115.563542485 947.024276244 136.656066527 0 0 0 0.0 0.0 0.0 0.0
car 0 2 0 674.484122136 275.853749671 747.379885224 343.690058139 0 0 0 0.0 0.0 0.0 0.0
pedestrian 0 2 0 148.708372178 330.735513085 173.807212762 407.123288777 0 0 0 0.0 0.0 0.0 0.0
