car 0 1 4.7093125551237875 690.515015 701.189636 894.789612 895.791809 0.672972 1.785774 4.224577 -1.91173888834 2.28055648426 26.43997998 4.63713331056
car 0 1 1.6280983381796101 694.389404 236.563614 764.908874 314.974365 1.880881 1.824965 4.248861 -7.82806637446 -7.6593152831 82.650066712 1.53366666585
cyclist 0 0 -0.08129673355973897 1029.761719 586.702637 1167.263306 742.673401 1.558004 0.725037 1.506285 1.20086084407 1.71632079823 31.6223314562 -0.0433398837323
van 0 1 1.6597157472261121 568.700989 231.35524 658.342713 334.645661 2.379853 2.049443 4.247674 -10.5364547607 -6.65935784282 77.1982075584 1.52406815713
pedestrian 0 1 4.535371410982592 1456.687866 189.513565 1466.496948 230.871628 1.60519 0.301919 0.341342 19.5052760848 -13.7001533764 114.797281457 4.70367468737
trafficcone 0 1 4.4173293384183765 1840.638184 427.059387 1855.427247 475.578003 0.812905 0.111114 0.402807 15.977424231 -1.8262676757 51.573408102 4.71775222168
car 0 0 2.7870407652542504 1861.876709 422.060822 1919.0 490.440247 0.89588 1.863354 3.693121 17.706358572 -1.61546715509 49.3780555097 3.13134543207
trafficcone 0 0 2.9429773085577975 1481.013794 367.255768 1494.007813 404.722901 0.751593 0.426958 0.184288 11.0949692126 -3.69424453445 61.8727539545 3.12041067903
trafficcone 0 1 0.250381976748468 147.010269 325.726807 156.470169 352.684113 0.619015 0.431514 0.098276 -21.7030308154 -5.52574558764 71.2548065041 -0.0452744440178
trafficcone 0 1 4.617235304400106 1264.445313 404.468597 1277.243531 436.916107 0.559718 0.203589 0.437136 5.52317967397 -2.66739469381 54.7625798264 4.71775222168
trafficcone 0 1 4.518088871520693 1537.376709 720.102234 1566.106689 794.430847 0.686244 0.211253 0.374463 5.99632321016 2.17895658959 29.6320209975 4.71775222168
car 2 0 -1.5025656271534829 586.239929 941.406799 899.734558 1079.0 0.986243 1.822981 4.240544 -1.59163726153 4.0002770483 19.0716486113 -1.58582835331
trafficcone 0 0 4.511955527476665 1561.709961 377.705261 1575.884399 416.587219 0.746168 0.18884 0.445894 12.406500166 -3.30810443139 59.4317407729 4.71775222168
trafficcone 0 1 4.534419414151529 1495.160034 667.216675 1514.528076 738.888916 0.726131 0.135618 0.373704 5.95415458987 1.75377585252 32.1126181017 4.71775222168
car 1 0 -0.05539608859182482 0 416.845581 99.72963 514.292969 1.151211 1.80816 4.145539 -17.9490520586 -1.31084573257 48.4530342324 -0.410164966952
car 0 0 1.6745504528559803 526.432861 285.680328 617.220459 370.262298 1.575711 1.754924 4.216376 -10.3848538933 -5.11447448618 68.4875947486 1.52406561523
car 0 0 3.142433127765486 733.398682 381.445526 1005.3349 497.151306 1.665704 1.867819 4.68452 -2.15705883818 -1.50142347301 48.7926479198 3.0982532089
car 0 0 1.75609337779486 282.497559 283.927094 392.73465 366.653504 1.55761 1.886321 4.2063 -16.3634419053 -5.25246843175 69.253481161 1.52406561523
car 0 0 1.716037877514845 404.926605 295.832703 502.908996 365.576661 1.250491 1.795193 4.204561 -13.5304553261 -5.30318197262 69.6133449627 1.52406561523
van 0 1 -0.5073646547974744 274.395111 369.524261 519.19928 486.344665 1.53007 1.810966 3.9705 -10.9277880953 -1.88691564978 50.900586556 -0.718843387669
trafficcone 0 0 0.23624040979497685 185.199783 369.663116 203.160019 397.012085 0.555294 0.203482 0.316962 -17.7540822953 -3.81573134524 61.3913545479 -0.0452744440177
trafficcone 0 0 4.622002413294549 1251.182373 387.44046 1263.983887 423.156585 0.650634 0.214342 0.451773 5.4847383519 -3.05129490155 57.1068160133 4.71775222168
trafficcone 0 0 4.6456007919206606 1186.792969 321.394836 1197.116944 355.193817 0.782109 0.226652 0.458811 5.1338766259 -5.44846066959 71.0306761124 4.71775222168
motorcyclist 0 0 3.3418333364466593 136.368378 347.894318 233.674713 432.765534 1.577455 0.699918 1.75212 -16.7217789953 -2.89998786982 57.2978361397 3.05787983652
pedestrian 0 0 3.2661362692232565 699.230408 335.919525 727.218689 411.48349 1.522543 0.329722 0.534775 -6.0334909805 -3.42401026172 59.7622049488 3.16551888911
car 1 1 -0.36618976017498617 1735.766235 454.423676 1919.0 575.444153 1.430716 1.832741 4.969812 14.081555514 -0.206910862181 42.0903736881 -0.0433398837323
trafficcone 0 1 4.454369273002074 1728.898315 539.494812 1745.630371 594.78125 0.696646 0.097137 0.432789 10.8017705449 0.211032986148 40.058905697 4.71775222168
trafficcone 0 0 4.469023549445666 1687.74292 426.828064 1699.854858 471.490906 0.734394 0.082618 0.450126 13.0474202019 -1.89476208388 51.3701942367 4.71775222168
pedestrian 0 1 1.381593760135221 1524.97876 244.636322 1548.376099 292.156464 1.410051 0.640549 0.291752 17.3047272656 -8.62790532187 87.8150571109 1.57615962258
cyclist 0 1 -0.04666766813180944 933.998962 569.441833 1070.179565 712.369445 1.493764 0.712389 1.588652 0.11014076302 1.45986477707 33.0972031919 -0.0433398837323
pedestrian 0 1 1.3908262817006372 1498.102905 231.162445 1522.665283 288.420898 1.767405 0.722108 0.141315 16.9720583829 -9.00398863609 90.524945931 1.57615962258
cyclist 0 1 1.8457836842078432 167.414429 201.406021 190.803665 262.173706 2.069479 0.291961 1.716481 -30.8227632688 -11.421446151 104.723821843 1.55954207356
trafficcone 0 0 0.2604193267670857 115.229355 396.395264 126.793656 435.883759 0.740256 0.271647 0.120045 -17.8795275768 -2.76791261246 56.6550219577 -0.0452744440178
car 0 1 1.7346643863235027 359.341553 270.784821 442.143189 334.615876 1.298395 1.528674 4.263979 -16.3847728916 -6.61339833858 76.6491815394 1.52407069904
trafficcone 2 0 4.331474073520195 1765.747681 978.849365 1802.464356 1079.0 0.756662 0.126249 0.330975 6.1681097476 3.7709684405 21.5582304264 4.6101431638
trafficcone 0 0 4.627069731088838 1235.765381 377.772522 1251.227173 416.130981 0.737273 0.286113 0.420889 5.39712132952 -3.31156756134 59.3534551492 4.71775222168
cyclist 0 1 -0.22067492572463304 1424.266235 584.100525 1554.198364 711.685669 1.317901 0.706438 1.367971 5.9279406599 1.45320355569 33.0767673329 -0.0433398837323
trafficcone 0 0 4.397226610836308 1900.639038 538.168823 1918.092895 591.566284 0.668327 0.070494 0.44667 13.3046582205 0.16566064497 40.0775504097 4.71775222168
car 0 1 1.6297262468072158 656.231506 291.415527 739.591674 374.83844 1.515446 1.749443 4.18154 -7.15479860808 -4.93640485979 67.4627794698 1.5240657169
pedestrian 0 0 0.09970702122556249 762.999512 322.508698 801.745667 397.772034 1.541874 0.537166 0.787641 -4.67723069219 -3.83197200379 61.6020644194 0.0239258948586
trafficcone 0 0 4.631835436803458 1224.592529 363.580902 1235.839111 400.390686 0.73465 0.205791 0.450491 5.32178758477 -3.78243770045 61.7887010262 4.71775222168
pedestrian 0 1 3.091389396831297 985.061035 529.347656 1037.836548 667.545471 1.601474 0.520144 0.644828 0.24253654368 1.05006707593 35.3349905732 3.0982532089
car 0 1 1.6972925467944184 473.029907 274.935303 543.194702 336.907196 1.243704 1.353245 4.265264 -13.3930387561 -6.54534772171 76.5447248765 1.52407588453
car 2 1 4.445317044264051 1354.048218 807.936035 1744.169678 1079.0 1.145122 2.004616 4.373318 4.41140742095 3.51006481614 22.715334057 4.63713331056
car 2 1 4.566031706949664 1057.607788 844.003784 1350.27771 1079.0 1.402139 1.722864 4.248166 1.59217406943 4.01281199835 22.3551936704 4.63713331056
trafficcone 0 0 4.439727644357994 1773.712158 401.015961 1787.294189 441.741181 0.724375 0.111157 0.45471 15.8278893151 -2.60996068978 55.4553582033 4.71775222168
trafficcone 0 1 4.558615322214733 1426.882568 585.437073 1444.936767 652.065857 0.769388 0.15145 0.437866 5.88018453538 0.90874517842 36.638032208 4.71775222168
trafficcone 0 0 0.24535122641896057 161.614365 384.468842 172.349045 407.515992 0.446266 0.187557 0.155413 -17.603718454 -3.4442743316 58.8567499608 -0.0452744440177
motorcyclist 0 0 4.495070587133457 1603.365845 299.327972 1632.806031 358.496917 1.296605 0.335022 1.747159 16.2901245126 -5.50556834359 71.9411375408 4.71775222168
trafficcone 0 0 4.47585489200852 1667.20166 390.78714 1680.09668 429.927551 0.721967 0.130257 0.448894 14.1572906187 -2.93201127881 57.3800160367 4.71775222168
car 0 0 0.15833527069629477 250.206833 462.812592 594.041245 583.422486 1.405929 1.80407 4.791692 -8.50740032954 -0.0914464227925 41.6102135438 -0.0433398837323
car 0 1 1.7252295167354907 420.883148 236.054916 496.866424 295.558532 1.448079 1.662749 4.414404 -16.8866398364 -8.68384194202 87.5873194474 1.53476867228
trafficcone 0 1 0.27227498948091344 75.473869 410.648956 94.296951 451.217956 0.675412 0.658066 0.143935 -17.829126459 -2.39169241187 54.2459677621 -0.0452744440177
trafficcone 0 1 4.596743235875862 1323.4198 325.086914 1332.718872 353.360413 0.649852 0.176625 0.435282 8.64691409787 -5.49788603327 71.1076676661 4.71775222168
cyclist 0 0 -0.2029225116690458 1365.803101 612.13562 1512.588013 764.288574 1.475155 0.718151 1.462755 4.97362562434 1.90363788312 30.9014418618 -0.0433398837323
trafficcone 0 0 4.546650144328293 1451.041382 595.913391 1489.070557 668.680176 0.800593 0.386683 0.375174 5.93314038164 1.05093503513 34.3369745707 4.71775222168
trafficcone 0 1 0.20643353650006757 277.994202 323.247589 287.001587 355.555023 0.749309 0.399424 0.111066 -18.2242341632 -5.42414947421 70.8667304646 -0.0452744440178
trafficcone 0 0 4.51580193495213 1551.168701 427.532471 1564.344726 468.950623 0.680702 0.137206 0.429184 10.534846402 -1.94122434819 51.4544357201 4.71775222168
car 0 1 1.697839929129975 493.547791 236.82225 574.7547 300.554535 1.501032 1.868349 4.228408 -13.8667663771 -8.16768316492 83.7908667432 1.53383382731
car 0 2 0 673.941503229 277.224322075 745.911882977 342.280516869 0 0 0 0.0 0.0 0.0 0.0
car 0 2 0 718.230838753 232.713802472 770.087225908 280.117873558 0 0 0 0.0 0.0 0.0 0.0
car 0 1 0 735.778202083 210.214131086 789.991697745 263.380022967 0 0 0 0.0 0.0 0.0 0.0
car 0 1 0 758.039782428 196.333380989 806.229556349 244.785055856 0 0 0 0.0 0.0 0.0 0.0
motorcyclist 0 0 0 740.884476729 163.462829044 758.768916276 202.414532125 0 0 0 0.0 0.0 0.0 0.0
pedestrian 0 1 0 1589.28992648 231.136301233 1602.90877563 262.56441466 0 0 0 0.0 0.0 0.0 0.0
pedestrian 0 1 0 1573.05206788 215.088911865 1588.50422365 261.969181061 0 0 0 0.0 0.0 0.0 0.0
pedestrian 0 1 0 1507.20807504 223.20574596 1518.99361757 261.967085854 0 0 0 0.0 0.0 0.0 0.0
car 0 0 0 943.338785831 145.296822744 977.909710601 172.796421993 0 0 0 0.0 0.0 0.0 0.0
car 0 1 0 964.571895714 105.319204473 980.612318189 119.465088861 0 0 0 0.0 0.0 0.0 0.0
car 0 0 0 973.160468378 107.948592034 994.505597498 129.167418614 0 0 0 0.0 0.0 0.0 0.0
car 0 0 0 916.601489656 94.6166573433 932.827857535 109.87821416 0 0 0 0.0 0.0 0.0 0.0
car 0 0 0 937.301072464 97.6865107259 953.878280731 112.597227156 0 0 0 0.0 0.0 0.0 0.0
trafficcone 0 0 0 1905.23504022 371.812236876 1916.1475796 393.485752598 0 0 0 0.0 0.0 0.0 0.0
trafficcone 0 0 0 1848.39889759 366.810656325 1860.97863049 386.968541577 0 0 0 0.0 0.0 0.0 0.0
trafficcone 0 0 0 1799.36522062 360.432883307 1811.03557524 381.500146841 0 0 0 0.0 0.0 0.0 0.0
trafficcone 0 0 0 1761.82104112 354.855460177 1772.99669395 376.073074254 0 0 0 0.0 0.0 0.0 0.0
trafficcone 0 0 0 1734.69125571 346.519492592 1746.66473642 367.283630032 0 0 0 0.0 0.0 0.0 0.0
trafficcone 0 2 0 143.326289117 384.335941549 153.177887172 413.25922302 0 0 0 0.0 0.0 0.0 0.0
