trafficcone 0 0 2.968751763785683 1425.122192 588.381226 1443.190796 647.07251 0.687379 0.331169 0.164111 5.85210084124 0.855696497267 36.5996722601 3.12730454517
trafficcone 0 1 3.0546623704748406 1264.972778 404.155762 1275.610595 442.483063 0.686202 0.329158 0.171636 5.51813963258 -2.55830431502 54.82976502 3.15496594755
car 0 1 -1.5184665300174032 943.934265 172.771835 987.26654 217.272201 1.697985 1.754368 4.381882 -1.20959361474 -15.8045206465 126.467083195 -1.52803073204
trafficcone 0 0 3.440801191471121 144.285248 383.706604 155.583267 420.776428 0.712659 0.362048 0.09065 -17.9897614094 -3.19153442854 58.95613056 3.14463723918
trafficcone 0 0 3.42529518966907 276.998138 323.114319 287.728149 356.110077 0.774887 0.329696 0.145347 -18.2551216699 -5.41494866196 70.9757294163 3.17354945175
pedestrian 0 1 4.55036179263281 1495.362061 237.158569 1519.250489 300.403259 1.820663 0.598513 0.504514 15.9569157793 -8.17983671569 85.636378616 4.73458250484
motorcyclist 2 1 1.917483265877008 0 296.54007 43.131111 371.078858 1.637201 0.713733 1.387361 -24.387691975 -4.97704879693 69.117982325 1.57827929711
car 0 0 -1.498227412363935 899.161865 139.953033 929.787414 167.558242 1.499685 1.6419 4.356564 -4.97621840728 -25.0166417358 176.658540024 -1.52638853537
cyclist 0 0 2.888031417392939 1602.001465 555.143738 1725.518311 710.765747 1.683192 0.736032 1.250483 8.1691168548 1.47524439698 33.7513230941 3.12550290456
trafficcone 0 1 2.867168056625152 1729.959351 538.512146 1743.908204 585.47052 0.595076 0.34442 0.078846 10.7803269752 0.090886074402 39.9873877128 3.13050067346
trafficcone 0 0 2.7862642255424106 1901.2229 537.625427 1915.850097 591.753723 0.698715 0.331493 0.051936 13.2869610201 0.178744115238 40.0622961391 3.10650577329
car 2 0 4.392035494147074 1469.195923 967.789856 1919.0 1079.0 0.81674 1.940634 4.303824 4.84762195467 4.10930107377 19.4713828462 4.63603637511
motorcyclist 0 1 4.496177584861303 1541.004761 259.99704 1566.375489 318.674408 1.431772 0.264341 1.90768 16.0317084959 -7.11068304638 78.9220942694 4.69658414683
car 0 0 4.657796371183013 1053.233398 279.947693 1124.105102 342.346954 1.222656 1.698506 4.271973 2.59825726395 -6.30830180672 75.3447333027 4.69226763316
pedestrian 0 1 4.294995028422767 1774.403931 381.815826 1802.007202 471.890197 1.521948 0.217326 0.546514 14.7269022076 -1.88964900308 51.1774397076 4.57518646703
trafficcone 0 0 2.9256226691935074 1666.55127 389.176147 1681.361817 429.615051 0.760928 0.342601 0.199632 14.1594795801 -2.93053878988 57.3662958646 3.16761158832
motorcyclist 0 1 4.5457382912159625 1501.973389 254.825089 1530.782105 308.761323 1.390931 0.518751 1.796892 15.7224453493 -7.7398088776 82.9040242476 4.73315888464
bus 0 1 1.6675170535968782 689.422546 176.467041 799.180359 298.535858 3.097675 2.616872 8.080798 -7.71746109843 -8.70001880356 87.0282270288 1.57907073072
bus 0 0 1.7452171591794297 458.314453 156.194687 575.034057 271.151276 3.355858 2.5504 8.440311 -16.7528089088 -10.6526825404 97.9802696511 1.57587327089
trafficcone 0 1 3.4745748980339566 76.72242 409.557739 90.391854 451.013489 0.736345 0.352685 0.104917 -17.914462197 -2.38171121534 54.4292170461 3.15660921771
car 0 0 4.60108070539556 1112.451294 362.113739 1223.255859 466.09314 1.367176 1.666502 4.408911 3.37470208754 -2.3769123955 53.8687938528 4.66364564175
car 0 0 4.635351921332261 961.566162 396.746246 1070.998291 497.160339 1.136773 1.65326 4.222733 0.391869735476 -1.70190887526 49.8881051334 4.64320673312
car 0 0 -1.5671621722505023 1024.771729 182.713394 1070.527222 227.669082 1.627581 1.968114 4.230184 2.42800069035 -14.6998956823 121.031327764 -1.54710393522
car 0 0 1.8370796796334168 120.801346 517.006531 326.950134 672.137451 1.113786 1.432611 4.30654 -9.83782529296 0.714775409455 35.7040482448 1.5682132787
trafficcone 0 1 2.9206946931375395 1535.300049 721.444824 1563.542359 794.830749 0.667853 0.390606 0.192942 5.94743219037 2.17122387175 29.5115466364 3.11956000257
car 0 1 1.7326011325567687 657.449951 176.193756 703.648376 219.465683 1.616952 1.362411 4.374026 -14.0788309378 -15.5074732186 124.819509315 1.620282335
car 0 1 -1.5530500546154231 950.812317 240.766327 1008.47638 296.844483 1.37351 1.771103 4.336188 -0.38592969721 -8.74519325517 88.6831598148 -1.55740180823
cyclist 0 0 4.453790619821928 1626.23584 287.177155 1653.151611 359.665467 1.637173 0.177122 1.79002 16.9637614743 -5.51681763026 72.4421279653 4.68381572065
cyclist 0 1 4.482029795993631 1594.67981 271.849182 1618.139039 331.687652 1.433736 0.171577 1.882187 17.2660369365 -6.65590240669 77.6991795405 4.70069325465
motorcyclist 0 1 4.463987210867204 1433.888794 207.904999 1459.83667 259.532318 1.677117 0.479473 1.772612 16.6851190621 -11.1591388071 101.429752177 4.62702632076
trafficcone 0 0 2.8420911467132246 1837.956543 426.076172 1854.322876 471.114258 0.757162 0.352449 0.157149 15.9331315204 -1.90056304405 51.5396074071 3.14191516584
trafficcone 0 0 2.936781879159985 1491.636597 668.105042 1514.820679 736.772156 0.6971 0.339618 0.178 5.922168824 1.72984165185 32.0392419183 3.11956000257
car 0 0 -1.5696020878629595 805.986755 372.271912 903.973022 475.153168 1.286108 1.765315 4.361507 -2.59889140071 -2.16112260617 52.4035085085 -1.61915533178
car 0 1 -1.5037181517585012 1002.667725 159.381348 1043.953003 196.727555 1.624824 1.855845 4.322762 1.6169592707 -18.860448577 143.068526731 -1.49241664146
car 0 0 -1.5566832762218947 774.772888 516.710693 911.590576 648.958618 0.933831 1.754736 4.300136 -2.00712065339 0.493778396637 37.8363426668 -1.60968102879
trafficcone 0 0 3.0303608432046096 1250.877197 390.46759 1261.894897 429.430664 0.725121 0.358733 0.177221 5.45627246924 -2.92053300092 57.072273453 3.12567402134
motorcyclist 0 1 3.6426187215305195 1742.727905 314.507172 1808.710327 382.259095 1.406485 0.749804 1.25456 18.8340728725 -4.53509441686 66.4477551266 3.91881616598
car 0 0 1.6623613193634785 649.191284 298.467255 730.457397 380.066437 1.44096 1.538688 4.217525 -7.25436022854 -4.75597358905 66.5538216131 1.55379003828
pedestrian 0 1 2.9707046173808984 1466.746582 328.490906 1499.952026 386.391937 1.171699 0.594566 0.605992 10.9874175245 -4.09169397472 61.8380528868 3.1465499652
trafficcone 0 0 3.0581215151822447 1224.442505 365.276642 1234.277832 398.585694 0.674648 0.320661 0.184389 5.30164449144 -3.81179235497 61.7700778978 3.14374037161
trafficcone 0 1 3.470179685950543 146.115219 325.774475 155.526306 357.822876 0.74997 0.37356 0.076272 -21.7152457362 -5.3945473267 71.2292533479 3.17426636481
pedestrian 0 1 2.9833918115462508 1264.69751 334.676453 1290.093384 426.419861 1.827485 0.423144 0.450528 6.11223861053 -3.10184369398 59.3183381002 3.08607073559
trafficcone 0 0 3.4225702722689864 176.066498 369.163055 187.630799 405.017761 0.717286 0.375539 0.110543 -18.0167630717 -3.65460805998 61.3671909922 3.13700499488
trafficcone 0 0 3.0281043786902453 1239.026611 379.12915 1247.928466 415.753784 0.70953 0.344681 0.142203 5.38972544622 -3.30995080408 59.2700850966 3.11878996687
car 0 0 -1.5528367471631757 1034.187134 230.329224 1088.441773 282.080414 1.358629 1.771836 4.34723 2.37336334147 -9.75935460879 94.3190032618 -1.5276789049
cyclist 0 1 4.578538504070981 1368.725464 183.175537 1389.905396 235.177902 1.948182 0.607418 1.719233 16.1035239029 -13.5971613353 114.983596791 4.71768409113
car 0 2 4.588475568023403 1089.97583 134.828491 1118.790649 161.47583 1.528064 1.434938 4.062983 7.48192261459 -26.5292417928 184.68642329 4.62896491989
motorcyclist 0 1 4.467225359634223 1575.333496 283.191589 1604.052124 344.220276 1.410224 0.26742 1.909755 16.3255297692 -6.15195096172 75.5302586977 4.68009620391
motorcyclist 0 0 4.305067277105039 1578.103882 358.157532 1642.875244 453.385437 1.525763 0.386706 2.129149 12.1593132402 -2.46453554264 54.447424831 4.52478409713
trafficcone 0 1 3.038145711975837 1323.658813 323.073425 1331.98999 353.252258 0.705354 0.332388 0.165648 8.61787223466 -5.48086330514 70.9243886447 3.15906084837
car 0 0 4.644158864215749 1013.735779 605.373901 1187.773194 771.275573 0.882001 1.699983 4.269883 1.17673518363 1.59568804356 31.7403249277 4.68121571546
motorcyclist 0 1 2.970246684385583 1271.657104 347.688141 1364.634033 431.713104 1.569438 0.765771 1.791888 6.78747067519 -2.94025871411 57.6667541486 3.08740924992
car 0 0 -1.5068710274156556 933.042603 132.651321 960.033997 157.339477 1.468691 1.606114 4.237318 -3.17987366299 -27.8373664245 191.926680548 -1.52343768057
trafficcone 0 0 2.9281349616534067 1561.849609 378.424011 1573.876587 415.686706 0.721338 0.394538 0.149838 12.4262284649 -3.33376898842 59.6196908239 3.13361811287
car 0 0 -1.538798439850112 828.72052 294.332855 906.105041 371.360809 1.399924 1.772348 4.223826 -3.07413118246 -5.09866930816 68.6542985255 -1.58354551609
trafficcone 0 0 2.937312011395769 1454.981934 623.7453 1475.680176 687.906616 0.707395 0.306186 0.174938 5.86901562449 1.2825977208 34.2917203305 3.10681930549
trafficcone 0 0 2.903333936523803 1686.132813 427.107819 1699.75647 470.202362 0.722166 0.359043 0.136182 13.0825811747 -1.91819456183 51.5699821581 3.15177873202
trafficcone 0 0 3.440775810116173 112.582916 394.581604 126.409088 435.294495 0.755082 0.353072 0.131467 -17.9235063526 -2.78664934078 56.697689064 3.13459267877
trafficcone 0 0 2.9329097319876554 1551.604614 426.924469 1563.641113 469.813171 0.722225 0.322177 0.132 10.5403616727 -1.91986196231 51.4962817464 3.13480312978
car 0 1 -1.4618567128097806 881.937256 131.962799 907.123474 157.025589 1.467333 1.252647 4.390522 -6.70854834779 -27.4999049148 189.430060092 -1.49725629977
bus 0 1 -1.5675233368233579 985.238708 98.316643 1026.592407 164.255295 3.81376 2.674804 10.600417 0.922660042804 -26.4320222157 184.285470033 -1.56251668962
pedestrian 0 1 3.0053217081302037 1242.793457 317.59314 1265.988159 410.567994 1.921909 0.461089 0.426375 5.83130245397 -3.55541754793 61.5628192751 3.09976111376
car 2 1 4.610835125231084 1037.216919 866.688416 1320.635986 1079.0 1.072791 1.705865 4.296939 1.3130660699 3.76387828049 21.1526964851 4.67283116339
pedestrian 0 1 4.262021906787254 1751.80835 374.36795 1780.097657 475.70639 1.728275 0.262312 0.429479 14.2606580045 -1.80902098961 51.0006982409 4.53467534175
van 0 1 -1.5422707399921152 941.092651 213.905426 986.468322 263.372467 1.37489 1.490847 4.500386 -1.00442539097 -10.8393086886 98.7626934891 -1.55244047846
car 2 1 -1.3910195744350013 196.646057 848.393311 535.224121 1079.0 0.975343 1.792106 4.42013 -4.80870159388 3.60883797699 21.8798618792 -1.60735765223
trafficcone 0 0 3.0775299116993446 1187.070801 322.469238 1196.108521 354.083862 0.737015 0.352275 0.201273 5.1089764338 -5.45297094041 70.8103391467 3.14955525308
car 0 0 -1.5295749254055038 900.03418 257.529602 971.31781 321.300964 1.396111 1.884792 4.294249 -1.61614228076 -7.25762890092 80.111837403 -1.54974576588
car 0 1 0 949.017600618 155.686720243 983.573975336 184.423073955 0 0 0 0.0 0.0 0.0 0.0
car 0 1 0 992.465269925 150.92036554 1019.74661839 176.686083531 0 0 0 0.0 0.0 0.0 0.0
car 0 1 0 936.927719485 120.605735298 961.177807006 143.719099967 0 0 0 0.0 0.0 0.0 0.0
car 0 1 0 971.28201014 103.302287432 989.216970702 122.500273386 0 0 0 0.0 0.0 0.0 0.0
car 0 1 0 956.757218135 100.397329031 972.039825375 115.174726114 0 0 0 0.0 0.0 0.0 0.0
car 0 0 0 903.457546604 102.923379814 921.013599549 121.616155612 0 0 0 0.0 0.0 0.0 0.0
car 0 1 0 936.16990425 105.196825519 957.641335909 123.258088621 0 0 0 0.0 0.0 0.0 0.0
bus 0 1 0 957.705188859 79.5188176251 977.615380798 107.849178842 0 0 0 0.0 0.0 0.0 0.0
car 0 1 0 734.741357804 155.676378418 770.207110804 186.049613038 0 0 0 0.0 0.0 0.0 0.0
car 0 1 0 744.744518907 138.216315403 776.390883122 164.588285582 0 0 0 0.0 0.0 0.0 0.0
trafficcone 0 1 0 1480.8230461 368.205329329 1493.91809336 403.561956935 0 0 0 0.0 0.0 0.0 0.0
motorcyclist 0 0 0 1271.33371803 201.531567787 1293.9619597 249.42801265 0 0 0 0.0 0.0 0.0 0.0
car 0 0 0 832.311883788 102.935013692 855.151592955 124.090689003 0 0 0 0.0 0.0 0.0 0.0
van 0 0 0 850.731004084 85.2526582079 864.308527045 104.408543316 0 0 0 0.0 0.0 0.0 0.0
car 0 1 0 705.341785903 112.180275593 733.532512647 132.55034911 0 0 0 0.0 0.0 0.0 0.0
car 0 1 0 675.514178253 105.269000649 698.248635304 123.274690634 0 0 0 0.0 0.0 0.0 0.0
trafficcone 2 1 0 1770.85542184 976.766284284 1803.66637226 1079.0 0 0 0 0.0 0.0 0.0 0.0
trafficcone 0 0 0 1904.09974058 372.046077082 1915.88528312 392.779901913 0 0 0 0.0 0.0 0.0 0.0
trafficcone 0 0 0 1848.88229129 366.371556602 1860.23133225 386.887130645 0 0 0 0.0 0.0 0.0 0.0
