trafficcone 0 0 4.620157243467043 1187.380127 321.983582 1196.738892 354.012879 0.748553 0.20125 0.34242 5.12706879721 -5.4609377711 70.8947367672 4.69235101423
car 0 0 1.6674519315792626 648.411926 298.256805 732.000244 379.460784 1.436624 1.577627 4.176468 -7.24242106053 -4.76536152153 66.5335078455 1.55902510305
pedestrian 0 1 3.057586210862441 1240.140015 322.725281 1263.55188 400.053345 1.591306 0.469779 0.457865 5.77540134766 -3.77592720662 61.5438329464 3.15115426984
trafficcone 0 1 4.571673622552113 1323.210571 323.804382 1331.089843 353.223175 0.68988 0.146633 0.307291 8.61426678265 -5.48910073081 71.0357540177 4.69235101423
trafficcone 0 0 4.625427169357511 1250.586182 390.028473 1262.20459 428.705719 0.721296 0.198855 0.351844 5.45940556415 -2.93560548279 57.1029244612 4.7207438663
trafficcone 0 0 4.413013902589093 1839.630249 426.38858 1854.124145 469.846649 0.734688 0.13567 0.312725 15.9512015869 -1.92053211336 51.5510999391 4.71309494423
trafficcone 0 0 4.541071909719303 1456.232788 625.351563 1475.908691 688.514649 0.693097 0.168431 0.329174 5.88969339932 1.29040667259 34.3574850046 4.71084562655
trafficcone 0 0 -1.3401367271326396 277.714355 323.44873 287.607391 354.674316 0.7295 0.137308 0.34801 -18.2513461306 -5.45198495133 70.9864259602 -1.59179622492
pedestrian 0 1 2.9956812324926245 1469.909668 329.651337 1500.355591 399.475647 1.42272 0.62894 0.544752 11.0332457274 -3.8193735821 61.8927731034 3.17209202576
cyclist 0 1 4.1650476760117465 1671.449097 292.127991 1702.852906 365.199951 1.742795 0.694294 0.217728 17.8117619961 -5.18966459773 70.8628722218 4.4113015546
motorcyclist 0 0 4.5719247750427865 1270.874268 224.967834 1294.019165 279.803955 1.647418 0.522837 1.73865 9.89288076834 -9.71917266814 94.2492713105 4.67650687724
pedestrian 0 1 3.0484396867993016 1265.91687 332.457153 1288.897339 413.348938 1.598859 0.528994 0.417593 6.11972923867 -3.3760706932 59.3702692939 3.15115426984
trafficcone 0 0 4.464415356419425 1686.626343 427.850952 1700.646118 470.741272 0.72487 0.15329 0.305885 13.0820222867 -1.90294671719 51.5170273121 4.71309494423
car 0 1 -1.5030123314800259 840.682007 208.208832 889.307923 255.751374 1.427873 1.541482 4.263885 -4.80109687579 -11.716844029 104.477830678 -1.54893328547
trafficcone 0 0 4.648656744638811 1239.41333 378.068756 1249.105469 412.023865 0.662052 0.179784 0.292418 5.40962331448 -3.38419953968 59.3002597879 4.73962922537
cyclist 0 0 4.338840455086853 1751.326294 368.054932 1789.74231 457.068329 1.459042 0.07694 1.615559 15.1828723226 -2.33803930012 53.9629968984 4.6131071528
trafficcone 0 1 -1.2621576625255866 78.449478 409.792786 91.187782 450.73938 0.731689 0.106479 0.315248 -17.8967796745 -2.38532457476 54.4503533541 -1.57971500901
motorcyclist 0 1 4.116955806807683 1699.206909 312.008423 1741.409424 383.997986 1.569212 0.791087 0.44865 17.4066295981 -4.43053848855 66.0949640759 4.37446654514
car 0 0 -1.5105017064601236 756.136414 553.302063 922.117066 723.321838 1.158465 1.776613 4.268884 -1.82824472431 1.23757089312 34.2036126141 -1.56390268978
trafficcone 0 0 -1.2737046172638522 114.032913 396.994019 126.196876 434.368195 0.693902 0.112521 0.316493 -17.9063543123 -2.80126336082 56.6774951682 -1.57971500901
car 0 0 4.673384571935539 1202.145386 198.354614 1262.681397 255.440902 1.806929 2.129702 4.289236 9.20262610765 -11.9197612101 106.193118986 4.75982795628
car 0 0 4.618893400812725 1117.320068 355.01413 1226.669799 454.686005 1.366028 1.776322 4.243991 3.53762538588 -2.6189449874 55.1024098206 4.68300633108
trafficcone 0 1 4.455026613716013 1728.253174 539.656128 1745.932984 593.45398 0.694634 0.139433 0.322524 10.7833547697 0.20274723663 39.9992557034 4.71835522801
trafficcone 0 1 -1.2961502721025018 146.931274 325.185486 156.026184 362.594574 0.884256 0.087271 0.344392 -21.6944021469 -5.27613334706 71.2291521988 -1.59179622492
car 0 0 -1.5159033754989206 871.963135 232.284729 928.987915 283.448608 1.310642 1.667802 4.272812 -3.05407392002 -9.52083282873 92.4302610049 -1.54893328547
van 0 0 -1.5156735062056819 799.267822 406.613068 912.844848 529.07544 1.322012 1.648665 4.498504 -2.24647900115 -1.13501535799 46.5431250141 -1.56390268978
bus 0 1 1.6351602840966357 762.483276 137.843506 832.172363 223.581833 3.041277 2.291493 11.97898 -8.61663582993 -15.3746534613 123.216650839 1.5653431707
trafficcone 0 0 -1.283495007450213 144.707047 383.977814 154.77533 421.689301 0.733872 0.087505 0.291301 -17.9833500336 -3.16677096652 58.923287895 -1.57971500901
trafficcone 0 0 4.5522053502575535 1425.757568 587.80188 1443.016723 645.206787 0.674651 0.160562 0.312842 5.8523645596 0.833897240657 36.5807924243 4.71084562655
car 0 1 4.697111980128267 940.543152 170.289246 980.453674 209.651947 1.576585 1.854736 4.200062 -1.55228337434 -16.9723446541 133.132351703 4.68545280776
cyclist 0 0 4.348855286464601 1709.620605 332.91626 1747.067138 421.464783 1.627182 0.105227 1.740183 15.8822697011 -3.30534847587 59.6860851454 4.60892546692
trafficcone 0 1 4.397701524734782 1901.69104 538.734619 1917.852417 591.915588 0.680717 0.07974 0.357037 13.298289464 0.178634067198 40.0412124413 4.71835522801
car 0 1 4.682153528751876 1063.092896 288.594391 1149.854859 365.966644 1.448307 2.052417 4.209076 2.84337097488 -5.29571251761 69.7004739576 4.72292506315
trafficcone 0 0 4.49006716313703 1668.636841 391.435852 1680.547241 429.416412 0.715909 0.147153 0.307306 14.1600133318 -2.92920380896 57.3104650076 4.73229149255
bus 0 1 1.6340695516133334 682.665649 102.472702 736.784851 167.044815 3.624966 2.728669 12.029331 -18.5844250329 -26.0054901646 182.256963071 1.53245251099
trafficcone 0 0 -1.2939367771739747 175.751129 370.053589 186.625686 406.569245 0.738397 0.110033 0.323953 -18.0575061298 -3.62399456345 61.4575430798 -1.57971500901
car 0 0 4.707209857174106 1037.27832 244.345474 1095.244507 296.074859 1.253412 1.82449 4.291256 2.37400056349 -8.81800050111 89.2242643099 4.73381069949
trafficcone 0 0 4.583065141217494 1224.965454 364.30307 1235.487915 400.827331 0.745943 0.189227 0.28968 5.32058838977 -3.76278345295 61.7705868108 4.66898772663
motorcyclist 0 1 4.26017051931929 1644.118286 320.538788 1682.717285 388.496674 1.341256 0.072207 1.773115 15.7976545891 -4.32412325056 65.0747695743 4.4983250453
motorcyclist 0 0 3.590005801380229 1762.965454 319.463043 1808.878418 379.107391 1.2531 0.779509 0.728983 19.0399337142 -4.57590462973 66.2865439711 3.86971248637
motorcyclist 0 1 4.520570490349187 1454.557495 290.853546 1489.436035 359.289032 1.512565 0.533553 1.684157 12.3349353195 -5.42041590199 71.0986729446 4.69235101423
car 0 0 1.6598470262622642 708.40094 163.839157 748.477356 198.445038 1.452545 1.630882 4.175846 -13.3394878088 -18.3289929672 139.663636468 1.56462434855
trafficcone 0 0 4.511003952132921 1552.192749 426.505188 1564.183594 469.182526 0.719821 0.134466 0.318305 10.5601733848 -1.93234283106 51.5412312902 4.71309494423
motorcyclist 0 0 4.464869324685534 1588.088135 298.51239 1619.695313 359.809753 1.329351 0.328183 1.768916 15.7431225867 -5.41560919149 71.1460298493 4.68263925926
trafficcone 0 1 4.620262629099753 1265.416016 403.965424 1276.175415 443.325226 0.709234 0.174668 0.29862 5.52480424373 -2.53895530967 54.7982706 4.7207438663
cyclist 0 1 4.534068213992661 1469.966553 215.913055 1488.788697 269.264923 1.641704 0.306111 1.686193 16.925965825 -10.2435764715 96.0203250082 4.70855055408
car 2 1 -1.4201167141897677 210.904953 849.612244 535.219467 1079.0 1.004572 1.819916 4.218885 -4.73972657354 3.61612824863 21.7803359746 -1.63439093458
trafficcone 0 1 4.5111091706199105 1539.511353 721.427307 1564.27063 792.421265 0.666896 0.18046 0.305394 5.98741081638 2.16308500654 29.5768557883 4.71084562655
bus 0 1 4.6916994871126185 1010.651917 140.074982 1092.745972 245.837525 3.450988 3.062068 11.0746 2.30527968562 -13.0894537145 111.350706777 4.71239940436
motorcyclist 0 1 4.519566367448311 1560.002686 263.630951 1582.057984 328.334564 1.580473 0.227671 1.738515 16.2801189712 -6.7421998979 77.7532136737 4.72596653644
car 0 1 1.6122859261749551 745.076233 133.85524 776.132324 161.007691 1.53432 1.84842 4.281749 -15.3299312714 -26.2744309959 182.672446134 1.52856177801
cyclist 0 1 4.365969308785692 1642.318604 306.867645 1671.72815 380.070648 1.522923 0.060682 1.726556 16.1817175424 -4.66045161204 67.3027721932 4.60192240427
trafficcone 0 0 4.527621985405813 1493.299194 668.981567 1515.655517 735.947143 0.683913 0.179304 0.316522 5.93605520932 1.72365742228 32.0345114084 4.71084562655
car 0 0 -1.5700586626375745 934.089233 135.554367 960.207763 159.269424 1.338657 1.720831 4.262251 -3.0266638986 -26.6658585263 184.649078575 -1.58644863273
trafficcone 0 0 4.704374115572534 1563.30481 379.066528 1573.738404 416.441406 0.728364 0.192419 0.329449 12.4393329584 -3.3154872883 59.6144541362 4.91008547136
trafficcone 2 0 4.608178117593918 1762.091064 975.933167 1803.647583 1079.0 0.69961 0.247415 0.305194 6.15032529104 3.68996120864 21.5257196269 4.88648291698
car 0 0 -1.5343034137730938 953.002747 263.624298 1023.286133 328.880371 1.393218 1.837805 4.209443 -0.09270429018 -6.89643460077 78.3059477672 -1.53548728613
car 0 0 4.655424995887731 971.519592 328.350037 1070.187744 427.294373 1.517987 1.859905 4.196273 0.570196350116 -3.30995607804 58.8181065572 4.66511892387
car 0 0 4.669101119333959 1006.278198 624.233521 1195.135132 803.990906 0.884508 1.899257 4.57045 1.13194727209 1.82989324167 30.9023898316 4.7057145148
motorcyclist 0 1 4.353285047841901 1759.773438 318.074493 1794.225464 387.666992 1.2903 0.182592 1.405058 17.0196058581 -3.98976422717 59.9560887009 4.62987679132
car 0 1 4.581724665795296 1240.272583 632.131287 1448.46167 807.169251 0.87567 1.718057 4.251354 3.80141551889 1.87119252184 30.5018130336 4.7057145148
car 2 1 -1.482705968467423 597.677917 897.317932 886.612182 1079.0 0.863298 1.776102 4.222525 -1.77667967358 3.75830805554 20.9060749863 -1.56748615312
cyclist 1 0 1.911701534902721 1890.016113 545.644836 1919.0 674.46112 1.267364 0.864469 1.687132 12.5138882009 1.02212335739 36.1940574531 2.24458004439
motorcyclist 0 1 4.2786344920392905 1835.267944 366.263062 1880.704223 446.344605 1.31378 0.091653 1.718726 17.2402612168 -2.5913769261 55.0713393467 4.58202330041
motorcyclist 0 1 3.1077590925773064 1273.964966 346.795471 1363.136109 428.572876 1.533542 0.708312 1.79737 6.79754709318 -2.99937142715 57.6873107456 3.22505257304
car 0 0 -1.5369434237932587 934.53949 195.5177 983.085999 242.070892 1.522381 1.810525 4.202599 -1.33456164902 -12.9854434958 111.302176231 -1.54893328547
car 0 1 0 784.464170182 120.717949529 808.259568562 141.482086969 0 0 0 0.0 0.0 0.0 0.0
car 0 1 0 797.195466131 113.59448632 815.98928396 133.146119384 0 0 0 0.0 0.0 0.0 0.0
car 0 0 0 827.508075532 116.322621166 852.364415241 139.208641264 0 0 0 0.0 0.0 0.0 0.0
car 0 0 0 889.064497695 119.351457098 914.527089593 143.146855478 0 0 0 0.0 0.0 0.0 0.0
car 0 1 0 943.02094243 120.867087568 966.361651669 145.723427277 0 0 0 0.0 0.0 0.0 0.0
car 0 0 0 985.00390645 125.262415931 1012.73994405 151.63438611 0 0 0 0.0 0.0 0.0 0.0
car 0 1 0 970.716576692 110.287468743 992.609016815 127.022555183 0 0 0 0.0 0.0 0.0 0.0
car 0 1 0 936.825395347 108.813939119 956.297036803 125.02276498 0 0 0 0.0 0.0 0.0 0.0
car 0 2 0 934.299344564 103.446081205 950.718674656 119.233898601 0 0 0 0.0 0.0 0.0 0.0
bus 0 1 0 963.348928573 85.0564315012 985.704478007 116.000553598 0 0 0 0.0 0.0 0.0 0.0
car 0 1 0 318.042354068 213.813328872 387.812765877 261.584061281 0 0 0 0.0 0.0 0.0 0.0
pedestrian 0 1 0 1392.36903165 165.711250579 1403.10697041 195.567958335 0 0 0 0.0 0.0 0.0 0.0
trafficcone 0 0 0 1904.81272222 372.294649014 1915.80104313 393.134567977 0 0 0 0.0 0.0 0.0 0.0
trafficcone 0 1 0 1481.10071553 366.625879721 1492.44975649 402.855510478 0 0 0 0.0 0.0 0.0 0.0
bus 0 1 0 889.220187023 70.1155209978 904.765924552 92.0465535635 0 0 0 0.0 0.0 0.0 0.0
