trafficcone 0 0 2.939694697843315 1454.486816 626.83905 1475.910156 687.391052 0.649234 0.386168 0.171004 5.88648092952 1.27194471963 34.3992055063 3.10917570469
trafficcone 0 1 3.4536815767619338 147.604828 326.623932 155.803772 354.689484 0.652452 0.370774 0.057241 -21.6918755996 -5.47027828586 71.2179730932 3.1580243384
trafficcone 0 1 2.8458609476114822 1729.800903 538.763428 1743.67334 579.392945 0.507337 0.337706 0.07681 10.7702554858 0.0078655365205 39.952868726 3.10917570469
motorcyclist 0 1 -1.1232418461229767 1566.536133 326.462402 1604.877442 395.628723 1.367554 0.043654 1.823321 13.7598164695 -4.0879980381 64.0620377752 -0.911667440379
pedestrian 0 1 3.0048026453596552 1154.937744 524.104614 1199.826782 667.066406 1.656789 0.569063 0.483294 2.36641841559 1.04270635528 35.4623815615 3.07143424641
pedestrian 0 1 4.430315360801739 1583.384521 228.247528 1597.079223 268.049744 1.212546 0.235848 0.641765 19.9515369313 -9.83219246253 92.1525758583 4.64353003103
car 0 0 1.7411783435531303 406.083221 296.522614 504.191314 366.993439 1.269974 1.699056 4.224792 -13.5094816797 -5.27262321141 69.6646653146 1.54963419547
trafficcone 2 0 2.767982100487025 1764.275146 978.818359 1803.580322 1075.964843 0.625173 0.356373 0.145298 6.17126780638 3.64967124211 21.5629784366 3.04672833136
motorcyclist 0 1 4.476973081399442 1505.164795 229.588638 1534.033325 289.400482 1.712321 0.458206 1.848308 17.197399347 -9.00788704336 90.1429372624 4.66548699152
cyclist 0 1 1.8334688459794035 195.568954 198.400497 215.423522 242.686599 1.539615 0.213933 1.82174 -30.9915764039 -12.5889993064 108.768408287 1.5558927832
car 0 1 1.7144076337891414 489.936401 235.29509 573.692382 306.354584 1.705724 1.86362 4.292284 -13.9335295155 -8.00640941404 83.7955385474 1.54963511063
car 0 1 1.7594389555173477 364.363037 271.330566 441.75531 338.136627 1.383089 1.289996 4.203254 -16.3211821127 -6.51757438558 76.6474934131 1.54963429715
van 2 0 -0.25056357827041686 0 384.44574 253.53775 519.607361 1.700245 1.896816 4.073606 -15.0832351049 -1.24609294436 47.6966929566 -0.556845072838
cyclist 0 1 0.03885489484045923 620.829041 566.167297 755.470948 707.696655 1.468151 0.718994 1.541749 -3.62022495231 1.40118478913 33.0772908709 -0.0701586495539
car 2 1 -1.5257666126870657 589.202698 939.75647 901.707642 1079.0 0.858449 1.897232 5.02551 -1.59968631236 4.04102487973 19.4707378529 -1.60774098514
trafficcone 0 0 2.829894326299775 1801.461914 361.980072 1810.511841 380.941315 0.404967 0.251924 0.117339 19.4925085496 -4.47603277911 66.1135539958 3.11660474942
trafficcone 0 0 2.920339528686968 1552.608154 428.041748 1563.350097 467.766724 0.655454 0.396561 0.089841 10.5491918865 -1.96166824962 51.5012485164 3.1223785384
trafficcone 0 1 2.9094348072334455 1541.756714 721.74115 1562.040283 794.404175 0.665985 0.37265 0.107724 5.98045064634 2.17167904719 29.5417989351 3.10917570469
van 0 1 1.6846741340013345 568.249146 232.343903 662.098389 330.121735 2.218635 2.039806 4.589723 -10.5131891699 -6.80629720081 77.378633597 1.54963419547
trafficcone 0 0 3.4434630005483706 176.533737 371.089661 187.827225 406.848328 0.717785 0.369678 0.099555 -18.0504691446 -3.62365628658 61.5070049917 3.1580076205
pedestrian 0 0 3.221717906583552 798.740479 333.935547 840.322327 411.301758 1.548661 0.436545 0.845116 -3.73580085383 -3.43603662281 59.7933390344 3.15932046763
car 0 1 -1.538919959009133 688.674927 703.211182 898.660645 906.632264 0.741022 1.815051 4.226324 -1.80416457679 2.34910959466 26.1739093882 -1.60774098514
trafficcone 0 0 2.822683769008307 1837.711792 427.110199 1853.631104 469.456909 0.703286 0.393431 0.132482 15.9303338656 -1.93359146509 51.5541709766 3.1223785384
trafficcone 0 0 2.851666281841685 1736.261719 348.549133 1745.918579 367.264496 0.417425 0.256842 0.147241 18.6889761616 -4.98759832626 68.8825661471 3.11660474942
trafficcone 0 0 2.8602800338602385 1711.404785 341.45108 1719.842163 359.874572 0.423083 0.269942 0.122093 18.6052693606 -5.32088294205 70.988095167 3.11660474942
trafficcone 0 2 3.0436339450952565 1240.264648 378.918701 1248.820068 413.421844 0.660891 0.398719 0.135638 5.42075601412 -3.36557629647 59.3558272979 3.13470773844
car 0 1 1.6469991326482498 744.263 196.665649 806.182312 246.159912 1.425015 1.886281 4.229548 -7.79283993719 -11.4777037735 99.4037374554 1.56876330313
trafficcone 0 0 2.9505663862122313 1423.804565 588.125854 1444.841186 646.908203 0.68001 0.372399 0.190523 5.85750602123 0.84949561274 36.6201971715 3.10917570469
trafficcone 0 0 2.788849003522913 1900.851685 538.195068 1916.726319 592.45343 0.690014 0.390767 0.05003 13.293510834 0.182905429318 40.0706247043 3.10917570469
motorcyclist 0 0 3.328845279901689 468.698822 347.470032 568.68219 430.008454 1.534433 0.838056 1.869402 -9.80025291524 -2.94993335904 57.2552794476 3.15932046763
trafficcone 0 0 2.917049131157739 1562.024414 379.491364 1572.759888 415.309876 0.691261 0.396636 0.118417 12.4175396292 -3.34188789875 59.6238932371 3.1223785384
car 0 1 1.650957637803867 736.397644 210.730133 791.93927 266.766113 1.517603 1.524627 4.218576 -7.72567271477 -10.1824353576 93.7637543298 1.56874825347
cyclist 0 1 -0.12629373764569374 1078.981323 586.415833 1218.555298 717.034852 1.322159 0.725673 1.558003 1.83997086573 1.48931519589 32.7431175135 -0.0701586495539
trafficcone 0 1 3.0139452762621657 1323.23877 325.655762 1331.467164 351.114441 0.58607 0.380356 0.15211 8.62627274593 -5.54812983813 71.0835736391 3.13470872186
trafficcone 0 0 3.0623813707204186 1188.75061 324.546204 1196.054931 352.624695 0.652107 0.346002 0.153275 5.13792341556 -5.49629948162 70.9141278396 3.13470773844
car 0 1 1.655418500670717 656.102295 291.772919 739.036011 374.90326 1.507498 1.632696 4.258194 -7.17225968837 -4.94274601504 67.5476990956 1.54963419547
car 0 1 1.722979343999917 468.217407 273.752411 546.94989 338.376434 1.313768 1.482682 4.244828 -13.3770331048 -6.49318907878 76.3954756846 1.54963429715
pedestrian 0 1 4.55720549223844 1460.691772 185.129333 1478.549194 229.411193 1.689579 0.623194 0.358242 19.500904923 -13.5255930632 112.853291118 4.72831450006
trafficcone 0 0 2.8678991484885215 1689.552002 334.796722 1696.845825 353.155548 0.431014 0.256242 0.101874 18.3316914661 -5.57636003736 72.1823627849 3.11660474942
trafficcone 0 0 2.8738628224748073 1687.898804 427.075195 1698.346558 469.292633 0.701228 0.39429 0.058123 13.0826110513 -1.9364032067 51.55475946 3.1223785384
trafficcone 0 0 2.8443968998070233 1774.977173 401.165802 1785.709351 440.345856 0.709742 0.339787 0.07854 15.8319297714 -2.62996293981 55.4785406586 3.1223785384
car 0 1 1.6999111190487977 526.146301 285.888428 618.651306 368.990998 1.538849 1.689294 4.297772 -10.3762988263 -5.14865430023 68.5272953368 1.54963419547
trafficcone 0 0 2.8113346796783567 1851.716064 367.23822 1861.645629 385.752624 0.38605 0.257574 0.127109 20.3324408543 -4.28808761183 64.9163758853 3.11486600818
car 0 0 -0.4297028443230175 1861.268555 465.118713 1919.0 561.394897 1.045164 1.921119 4.517669 15.8701447354 -0.422749458484 42.221019348 -0.0701586495539
cyclist 0 1 0.009908586664363811 698.776733 590.731018 840.074279 738.989136 1.456081 0.707728 1.555671 -2.52042100557 1.66170003958 31.4115096398 -0.0701586495539
car 0 0 0.016688258199093736 800.22821 456.374908 1103.927734 576.062316 1.44083 1.864251 4.498959 -0.593137880538 -0.17985118395 42.0305416872 0.00257712646321
car 2 1 4.606965000274909 1056.594604 842.891663 1334.9458 1079.0 0.923907 1.769599 4.307756 1.52989197713 3.5375846818 22.3060006388 4.67544432204
car 2 1 4.487303556360461 1353.351929 806.716797 1722.109375 1079.0 1.147844 1.997344 4.334005 4.32070396419 3.48700808238 22.6936641229 4.67544432204
trafficcone 0 1 3.0488923329130775 1225.739746 365.023224 1234.136963 403.536163 0.777051 0.407782 0.140229 5.32443078022 -3.71928610042 61.8927816022 3.13470773844
car 0 0 4.176887617832296 979.962952 158.413208 1034.245484 190.30394 1.441096 0.906234 4.251873 0.777918890004 -19.9444539398 148.920163283 4.18211130143
pedestrian 0 0 0.12710639370972432 667.7052 326.298492 709.663818 401.194427 1.529315 0.56824 0.830872 -6.7594315106 -3.75811875096 61.5516584036 0.0177274733776
trafficcone 0 0 3.4096974804516735 278.02182 323.611786 287.371674 355.758972 0.750787 0.370661 0.104619 -18.2629974527 -5.43031002305 71.0372823908 3.15805679079
car 0 1 1.6634583446473887 692.418762 235.871643 765.276245 311.799164 1.820145 1.755396 4.240143 -7.8585801858 -7.75055257551 82.7170375699 1.5687370679
car 0 0 3.0474506056975974 1126.118896 381.185242 1401.405029 498.560822 1.739501 1.830193 4.681729 4.76177692378 -1.46629934092 49.0797327404 3.14416913731
trafficcone 0 0 2.9571379200157226 1482.921875 367.731689 1492.797729 402.794647 0.704429 0.37536 0.130227 11.0699791572 -3.72060932748 61.6849452414 3.13470773844
motorcyclist 0 1 3.461356387293368 79.977478 358.907013 173.838974 429.699097 1.277366 0.839612 1.571709 -17.6167580508 -2.90652396336 56.2803511345 3.15799975325
trafficcone 0 0 2.926290535480603 1491.625732 667.87323 1515.448242 736.933533 0.693125 0.377928 0.174286 5.93121058195 1.72855876046 32.0689515106 3.10917570469
car 0 0 1.7816196876392953 283.233002 284.089142 392.253052 367.364716 1.569594 1.74707 4.268659 -16.3680542599 -5.23917482333 69.2860885667 1.54963419547
trafficcone 0 0 2.8804396914094035 1667.963379 391.304352 1679.498047 428.348969 0.690439 0.361899 0.115481 14.1493874086 -2.95543704046 57.3377483007 3.1223785384
car 0 1 1.7288355460477944 451.281006 223.747818 519.836121 281.565826 1.520532 1.556678 4.255079 -16.8902621723 -9.55746569751 92.1953206832 1.54764393879
cyclist 0 0 -0.0969684525993185 995.213684 611.718201 1139.70874 765.832276 1.486451 0.705873 1.539944 0.827396327254 1.91283077118 30.8543140618 -0.0701586495539
motorcyclist 0 0 0 753.547137415 152.049396619 773.097938216 189.52176482 0 0 0 0.0 0.0 0.0 0.0
car 0 2 0 719.333236014 228.623366422 773.097938216 278.586524024 0 0 0 0.0 0.0 0.0 0.0
car 0 2 0 678.059323212 276.957290624 748.659437215 342.669704427 0 0 0 0.0 0.0 0.0 0.0
car 0 0 0 975.104868839 110.649504473 998.894204697 134.657091119 0 0 0 0.0 0.0 0.0 0.0
car 0 2 0 965.501834181 108.030495021 985.144405073 128.109567488 0 0 0 0.0 0.0 0.0 0.0
car 0 0 0 934.543566199 100.167404142 950.583988674 114.565893608 0 0 0 0.0 0.0 0.0 0.0
car 0 0 0 915.977092941 96.7572355845 932.522725572 112.292447903 0 0 0 0.0 0.0 0.0 0.0
trafficcone 0 0 0 1762.32904078 354.098898321 1773.54470625 375.166161855 0 0 0 0.0 0.0 0.0 0.0
trafficcone 0 0 0 1905.06529842 371.512643669 1916.15971347 393.701473751 0 0 0 0.0 0.0 0.0 0.0
