trafficcone 0 0 4.388696579572391 1838.65979 427.282867 1854.90625 469.43045 0.711637 0.167467 0.299473 15.9321990386 -1.92513026907 51.4935407411 4.68875649006
cyclist 0 1 4.544584335187858 1488.188965 231.170563 1508.263428 285.962097 1.538445 0.291174 1.832946 16.2875398679 -8.9935061058 88.9602645305 4.72566655833
car 0 1 4.66317947290373 1035.818848 229.257797 1099.506958 286.700378 1.496011 1.911528 4.26902 2.48258522434 -9.38267509243 92.0307485482 4.69014853865
pedestrian 0 1 3.709683439924576 1263.567017 332.821106 1291.333496 410.978455 1.525874 0.60479 0.28202 6.10807538152 -3.42358028858 59.2259209322 3.81245190584
car 0 1 4.701506421746068 863.824768 174.758453 906.441467 212.215332 1.436053 1.940182 4.2242 -5.04903106091 -16.4090529394 129.557119755 4.66255466608
car 0 0 4.707210291721028 811.702515 400.11676 926.87323 514.694763 1.272115 1.900161 4.407816 -2.15079640751 -1.38953221578 48.1320446068 4.66255466608
car 0 1 4.668916051494732 948.835693 214.92775 1001.859558 266.269989 1.460741 1.730357 4.332155 -0.635870375566 -10.8681927306 99.9564964256 4.66255466608
motorcyclist 0 1 4.154401266796318 1722.319214 336.187866 1766.503418 413.887176 1.54809 0.562795 0.76149 16.7153956994 -3.50473693707 61.4501268545 4.41999083226
trafficcone 0 0 4.483111874888188 1562.406982 378.687195 1574.274414 416.485413 0.744184 0.158238 0.320108 12.4859102831 -3.32595880469 59.8576507501 4.68875649006
car 0 0 -1.559947264177667 749.367249 527.809021 894.629517 694.583557 1.225983 1.748887 4.302717 -2.17476570177 0.970261099607 35.7939134516 -1.6206306411
trafficcone 0 1 -1.3052334271786932 146.768539 326.688995 155.652221 356.787689 0.706105 0.102804 0.31291 -21.6548344557 -5.40401958507 71.0597862479 -1.60103412071
car 2 1 4.618660584802356 1047.948242 846.965942 1317.026855 1079.0 0.997165 1.693261 4.443649 1.39729629674 3.62554070255 21.9448656135 4.68224778416
car 0 0 4.690348167637704 957.825256 254.731049 1027.548462 322.426667 1.494232 1.916969 4.252347 -0.015924414324 -7.19907360306 79.7700498736 4.69014853865
car 0 1 1.6279503963560462 726.772766 145.052185 758.141968 177.284637 1.624828 1.587556 4.079537 -14.7450242892 -22.5422792172 162.973111734 1.53772086398
trafficcone 0 0 4.4402309952786565 1686.605957 429.170868 1699.625122 469.009369 0.670104 0.130712 0.305877 13.0763318169 -1.93422791539 51.5279012935 4.68875649006
trafficcone 0 0 4.380547261187143 1491.603638 667.83606 1517.419556 736.82367 0.703228 0.183863 0.305498 5.93010630557 1.7301129127 32.0022548143 4.5637717574
trafficcone 0 1 4.489427159123274 1536.992554 720.455566 1564.52295 793.188232 0.685039 0.204827 0.302014 5.976920556 2.17147789359 29.5869722547 4.68875649006
car 0 0 4.598077089053886 1119.039429 392.535431 1227.14856 487.579498 1.080129 1.497269 4.275907 3.27748798955 -1.8878869364 50.7609774462 4.66255466608
motorcyclist 0 1 2.9920823712882956 1272.9729 346.298981 1361.588501 425.620056 1.490387 0.672072 1.724639 6.76224826301 -3.04786231267 57.5916974716 3.10896425887
car 0 1 1.8235019569884663 175.63121 250.590515 266.611389 305.308807 1.275945 1.684361 4.179457 -23.9564294736 -8.22777752015 85.9055266099 1.55154189285
trafficcone 0 1 -1.2819193805473166 76.866417 409.466949 90.126221 451.113983 0.746214 0.123893 0.306497 -17.9337966049 -2.37938420414 54.4849655564 -1.59990138414
trafficcone 0 0 4.486866095544199 1550.634155 426.495117 1564.581787 468.745361 0.712597 0.167184 0.305547 10.5385784618 -1.93750950217 51.4883567736 4.68875649006
cyclist 0 1 4.568338055686265 1422.277588 202.660233 1438.859985 249.00644 1.544968 0.319579 1.861356 16.5931025147 -11.8837469135 104.596244201 4.72566655833
trafficcone 0 0 -1.3493812392780882 276.326996 323.899628 288.825958 357.26828 0.784705 0.211583 0.313703 -18.2489922685 -5.38613629882 70.974430141 -1.60105038979
motorcyclist 0 1 4.169303087858223 1633.461304 289.64563 1676.113404 359.615234 1.578636 0.267396 1.533406 17.1607813014 -5.44234461973 71.6156587877 4.40449186504
trafficcone 0 0 4.44671167864089 1667.349243 391.251831 1680.829956 430.23642 0.736739 0.170603 0.295809 14.1533326162 -2.91352297211 57.3276192266 4.68875649006
car 0 0 1.671116460744664 647.709473 207.583939 701.536133 252.817582 1.335029 1.565107 4.40545 -11.9992707704 -11.82442506 104.451338654 1.5567388049
trafficcone 0 1 4.567825134514566 1323.518555 324.995972 1332.231568 355.638062 0.724378 0.173098 0.26005 8.6327440701 -5.4277341187 71.0371604185 4.68875649006
trafficcone 0 0 -1.3143544111596208 174.592834 370.447723 189.1315 407.657623 0.754156 0.200088 0.308106 -18.0396136234 -3.5999122915 61.4496463694 -1.5998993505
car 0 0 -1.5534427345624733 935.93689 165.844788 973.224854 202.365647 1.520106 1.787487 4.219705 -1.87877712016 -17.9560350913 138.208576418 -1.56703567832
bus 0 0 1.6684420194188518 635.239319 114.532074 703.525391 186.532883 3.429853 2.830578 9.03486 -17.8841951645 -20.8798262778 153.518866556 1.55246966221
trafficcone 0 1 4.588584708307487 1264.508301 406.094696 1275.367432 446.17041 0.719801 0.165973 0.312418 5.50455283599 -2.48520766835 54.7672089784 4.68875649006
motorcyclist 0 0 4.565787167146127 1374.340454 257.243774 1400.776123 316.902008 1.528938 0.47284 1.91887 11.7769456241 -7.46730482922 82.3638610893 4.70781129167
pedestrian 0 1 3.0151647748695765 1239.962769 322.065643 1265.107911 403.569793 1.659901 0.628972 0.456864 5.78832838233 -3.71156420898 61.5285102935 3.10896425887
car 2 1 -1.3893074596327852 229.856247 849.233887 535.510239 1079.0 1.018385 1.544835 4.309642 -4.67771821804 3.63326977513 21.8133445734 -1.60055113202
pedestrian 2 1 4.373126321944861 1871.831177 406.442017 1919.0 517.825501 1.659664 0.400094 0.939829 15.1785629338 -1.01882569184 46.4820638434 4.68875649006
car 0 1 4.669344882474556 1019.482849 201.183029 1062.615112 238.871124 1.204416 1.592366 4.266148 1.98374664979 -13.3714444346 113.543581485 4.68681434062
cyclist 0 0 2.3981221116016544 1761.590576 544.953003 1871.630981 690.762451 1.519034 0.856355 0.884917 10.2005860134 1.22240384498 34.2871302346 2.6872881677
trafficcone 0 0 4.616419982452021 1187.953247 323.426056 1196.940308 354.21817 0.734563 0.206152 0.17808 5.13617139335 -5.44613965396 70.8799743949 4.68875649006
trafficcone 0 0 4.36842025063569 1900.120361 536.92395 1917.736938 594.104736 0.748738 0.107264 0.303637 13.3343091991 0.214365304368 40.1923204377 4.68875649006
cyclist 0 0 4.474205603390965 1694.341187 337.652191 1728.65564 421.885254 1.553002 0.292762 1.557664 15.4760602914 -3.27576090712 59.5123406381 4.72861854548
trafficcone 0 0 4.410726916799728 1773.254028 400.252563 1787.87268 442.224365 0.767258 0.160928 0.315897 15.8591583279 -2.59668346975 55.5638620055 4.68875649006
car 0 0 4.61972161849891 1073.757935 274.753418 1150.02356 347.268616 1.459767 1.660983 4.144475 3.17261616231 -6.0750202749 74.0240508046 4.66255466608
trafficcone 0 1 4.425178740020298 1729.158081 537.528442 1746.666016 594.862854 0.74443 0.128195 0.314922 10.7888236042 0.222371878421 39.9799069346 4.68875649006
trafficcone 0 0 -1.2950962346156603 113.757004 395.533417 126.60125 435.662354 0.749736 0.13351 0.300446 -17.9055643771 -2.77550584887 56.68448655 -1.60105852433
car 2 1 -1.4815597753987761 609.139954 889.847412 877.194275 1079.0 0.972808 1.565568 4.243014 -1.73414178648 3.75855465973 20.4523237733 -1.56614693092
motorcyclist 0 1 4.524661072439521 1543.529785 260.626923 1566.937744 309.421204 1.181379 0.279271 1.887494 16.2365018043 -7.42874523239 79.6855944354 4.72566655833
trafficcone 2 0 4.409978548917831 1764.510376 976.551697 1803.827271 1077.753418 0.672843 0.177393 0.315387 6.16553492689 3.66756317726 21.5403650741 4.68875649006
trafficcone 0 0 4.593205613574755 1252.437256 390.721436 1261.614136 427.116669 0.679927 0.142707 0.313293 5.46810118963 -2.96196097886 57.0528502955 4.68875649006
cyclist 0 1 4.530104731726638 1592.279541 283.569946 1624.338623 347.408813 1.463346 0.50948 1.515012 16.2665527786 -5.84848981242 72.989809681 4.74938193176
trafficcone 0 0 4.597795575128796 1237.748535 377.940765 1250.757446 414.810089 0.719815 0.235606 0.299131 5.40715684537 -3.32713594226 59.280800772 4.68875649006
car 0 0 4.649097481359572 976.239807 400.235077 1087.592529 501.258515 1.115791 1.715311 4.282324 0.66337081896 -1.62184266592 49.2919423775 4.66255466608
bus 0 1 4.648959465218498 998.529663 123.641441 1063.193603 206.999405 3.4411 2.621028 7.584342 1.80109877977 -17.1054770032 132.472321009 4.66255466608
car 0 0 4.559372894448943 1195.476318 575.547546 1373.051391 729.476928 0.911668 1.515629 4.264958 3.50477817148 1.27838012287 33.8463997214 4.66255466608
car 0 1 4.66564485664086 940.622864 149.036255 972.504944 177.665009 1.372637 1.634817 4.346501 -2.07942047087 -22.0118662125 159.221023103 4.65258563733
car 0 0 1.6295208199967395 647.421021 297.981384 731.989808 383.483246 1.509295 1.741916 4.377307 -7.26402140197 -4.69891969101 66.6502707722 1.52096216866
bus 0 1 1.6242049074294043 735.20697 153.85556 819.418152 252.922607 2.972366 2.567979 12.742136 -8.33997579294 -12.5742977867 108.509041423 1.54749598923
motorcyclist 0 0 4.530258364071965 1592.437622 298.800598 1623.319092 363.5737 1.403004 0.409079 1.768891 15.7327844831 -5.28726094493 70.6458505456 4.74938193176
pedestrian 0 0 3.3373722536048906 1469.842285 330.688141 1498.69397 401.676605 1.429806 0.674062 0.467018 11.0171110682 -3.78246017811 61.8949065062 3.51352443017
cyclist 0 1 4.181820165717781 1602.064819 267.80658 1634.828979 347.944062 1.938164 0.237494 1.157087 16.7862943157 -5.90730950988 74.1357632139 4.40449186504
van 0 0 -1.492663771127084 882.602661 313.58847 965.39093 401.377899 1.372276 1.498633 4.93837 -1.52003830728 -4.1083898509 62.9496722836 -1.51680596162
trafficcone 0 0 4.518866093653511 1453.164917 625.944824 1479.650879 688.058594 0.68181 0.249804 0.315441 5.89202033192 1.28545659479 34.3469934071 4.68875649006
trafficcone 0 0 4.52994608375341 1424.661011 587.010559 1445.182251 647.680481 0.717425 0.198221 0.302845 5.8580357962 0.865426076622 36.5763486012 4.68875649006
car 0 0 4.696285771378806 876.883423 191.200165 922.342835 232.940018 1.415069 1.840413 4.243503 -3.93535134621 -13.9654573661 116.624067526 4.66255466608
trafficcone 0 0 -1.3036263789763307 142.364883 384.279205 156.760055 422.433715 0.738197 0.175475 0.323234 -17.9851603423 -3.15379874321 58.9178265075 -1.59990036732
trafficcone 0 0 4.602704425511271 1224.287598 364.496216 1236.873169 399.458588 0.710423 0.23825 0.3204 5.33716624008 -3.79968777747 61.8693569923 4.68875649006
motorcyclist 0 1 3.6239914254360865 1747.44397 315.939117 1808.446045 383.841583 1.422205 0.595958 1.202645 18.8463552069 -4.48067593221 66.3043503057 3.90092762857
cyclist 0 0 4.259140555641437 1651.224487 309.22998 1689.416504 386.535522 1.586559 0.147478 1.581225 16.0932528519 -4.39434441912 65.6347224753 4.49959101742
car 0 0 0 936.787827065 124.774704197 959.522284116 145.993530778 0 0 0 0.0 0.0 0.0 0.0
car 0 0 0 896.49731707 111.386635045 918.347656346 133.994789556 0 0 0 0.0 0.0 0.0 0.0
car 0 1 0 940.829508319 114.038988367 962.174637439 137.910168271 0 0 0 0.0 0.0 0.0 0.0
car 0 1 0 977.962454835 115.428316298 1002.46514743 138.794286045 0 0 0 0.0 0.0 0.0 0.0
car 0 1 0 937.5456423 106.460836017 954.470182549 123.259073727 0 0 0 0.0 0.0 0.0 0.0
car 0 1 0 969.500184711 106.966046174 988.950775743 119.975207708 0 0 0 0.0 0.0 0.0 0.0
car 0 1 0 931.988330577 100.145709058 947.523542895 115.17571122 0 0 0 0.0 0.0 0.0 0.0
car 0 1 0 962.553545056 99.2615912842 982.509346246 114.038988367 0 0 0 0.0 0.0 0.0 0.0
bus 0 1 0 960.40640189 84.1052865836 983.772371637 112.775962976 0 0 0 0.0 0.0 0.0 0.0
car 0 1 0 806.198547169 130.356026359 833.328332583 156.879559585 0 0 0 0.0 0.0 0.0 0.0
car 0 0 0 764.367146195 128.991958936 792.254746844 151.877979034 0 0 0 0.0 0.0 0.0 0.0
car 0 1 0 782.554711836 119.595050022 805.895421075 142.632633167 0 0 0 0.0 0.0 0.0 0.0
car 0 1 0 713.851364391 107.622762917 733.099871361 123.6884459 0 0 0 0.0 0.0 0.0 0.0
car 0 0 0 858.566380682 94.8409440872 875.086752806 112.119131446 0 0 0 0.0 0.0 0.0 0.0
trafficcone 0 1 0 1479.68373821 367.76010266 1493.26068321 402.607594828 0 0 0 0.0 0.0 0.0 0.0
trafficcone 0 0 0 1904.59074296 371.955499559 1916.23078497 392.325573077 0 0 0 0.0 0.0 0.0 0.0
trafficcone 0 0 0 1849.11866776 366.681105523 1860.75870977 387.960557323 0 0 0 0.0 0.0 0.0 0.0
