car 0 0 1.699930548398557 475.16983 323.301666 575.283508 402.135925 1.199033 1.628646 4.322884 -10.3933038288 -3.98203718112 61.7077170906 1.53306868814
car 2 1 4.645357771053211 1047.402832 862.220154 1326.56543 1079.0 1.526335 1.811059 4.946108 1.39399079826 4.30459727047 21.7198097803 4.70945048223
trafficcone 0 1 -0.15233242363890498 1323.276855 323.066467 1332.938842 351.877533 0.67395 0.315584 0.188084 8.6403618795 -5.52350402489 71.0469287586 -0.0313118726527
trafficcone 0 0 -0.12099693703886857 1250.433105 391.120087 1261.922851 428.464386 0.694444 0.34904 0.185422 5.45468815506 -2.94031874452 57.0982481084 -0.0257543521807
bus 0 1 1.6524343342639447 707.169983 166.681168 806.105408 282.186432 3.061457 2.445266 10.653583 -7.931594083 -10.0062677868 94.237438555 1.56846617398
car 0 1 1.6441787384827622 763.556274 151.380829 801.925048 181.922363 1.579469 2.01452 4.27622 -12.8245654428 -23.1139498626 169.03331671 1.56845376818
car 0 0 4.613729391627029 1181.93042 487.058624 1343.152222 635.642151 1.237368 1.811888 4.285923 3.71620372068 0.35466691266 38.7046033342 4.70945048223
trafficcone 0 1 0.2734932331468062 146.777496 325.794586 156.5531 355.203399 0.688855 0.329174 0.120686 -21.6810168773 -5.45301951754 71.1826283835 -0.0221628060457
cyclist 0 1 4.500565370171406 1557.653809 249.964447 1581.970704 306.002716 1.44405 0.317999 1.661922 17.1210054259 -7.7205373063 81.922602867 4.70659003549
trafficcone 0 1 -0.1261596379492453 1264.565796 404.641052 1276.459717 434.86737 0.530057 0.330327 0.186108 5.5105271873 -2.69604430806 54.6982867791 -0.0257543521808
trafficcone 0 0 -0.10359153651574785 1187.928223 322.825867 1196.646729 353.221894 0.711962 0.307502 0.18471 5.13304644076 -5.47831703428 70.8927533501 -0.0313118726527
car 0 1 4.693419965833583 1012.535706 179.621246 1061.66858 223.070984 1.600326 2.113952 4.293992 1.9795657226 -15.1904091705 123.476755391 4.70945048223
car 0 1 -1.512034412114247 693.953674 754.090515 905.477783 970.818603 0.73455 1.668641 4.215793 -1.6832259618 2.77841978018 25.3415737257 -1.57835851452
car 0 1 -1.5442620324891443 865.651672 301.369415 953.247009 381.242675 1.398332 1.990922 4.281354 -1.96764998051 -4.74558793375 66.7422410009 -1.57373482495
car 2 1 -1.3599751817911476 183.445267 852.521301 551.0569 1079.0 0.789515 1.937103 4.205708 -4.77062703309 3.41462327555 21.7498332845 -1.57589668488
cyclist 0 0 4.4648026923856 1660.432983 305.809021 1687.772705 379.753326 1.551671 0.196655 1.622663 16.6146506327 -4.66703401675 67.3716462328 4.70659003549
trafficcone 0 0 0.28384104825341455 113.793327 396.82608 126.466293 434.323517 0.696988 0.310886 0.128397 -17.9110122447 -2.80268516324 56.6935287538 -0.0221628060458
car 0 1 4.699788470980606 1002.575378 164.823883 1036.061767 195.191452 1.297096 1.69592 4.228391 1.39374985739 -19.0875625652 144.246001204 4.70945048223
bus 0 0 1.712701041370343 543.441223 134.230652 634.062683 231.221878 3.474073 2.395779 10.020509 -17.3513470822 -14.5557385731 119.466434691 1.56846922459
motorcyclist 0 0 4.477757351163196 1620.19751 308.193054 1651.692139 365.426513 1.286301 0.376378 1.780926 17.2927302349 -5.50559055421 74.2456443861 4.70659003549
car 0 1 -1.5651369447304309 947.53186 172.295563 989.250366 209.125916 1.419112 1.928302 4.28485 -1.11817377382 -16.6067226401 130.04905767 -1.57373482495
trafficcone 0 0 -0.19498831438157926 1453.574707 625.401978 1475.443726 686.186646 0.668879 0.303889 0.194305 5.87129071167 1.26531943155 34.3614946093 -0.0257543521808
trafficcone 0 1 -0.22521969694752625 1538.373413 720.670166 1563.924194 793.914551 0.688235 0.312746 0.180235 5.98498610255 2.1789472316 29.6061506037 -0.0257543521808
motorcyclist 0 2 4.479134236052136 1618.460938 287.481903 1645.286744 342.781097 1.352099 0.311184 1.742325 18.4013761306 -6.50042858792 79.5008854508 4.70659003549
car 0 0 1.67647036586266 648.051941 299.411682 731.299255 381.745331 1.459084 1.530534 4.211605 -7.25897225316 -4.71828549178 66.5706712022 1.56785788313
trafficcone 0 0 -0.3037339080726771 1774.221069 400.937439 1786.566528 442.234009 0.755836 0.311727 0.116118 15.8736050999 -2.59895728763 55.6250191387 -0.0257543521808
pedestrian 0 1 3.005236580572956 1246.630127 320.223419 1262.299194 403.961883 1.709505 0.612824 0.240266 5.82975397305 -3.70054891267 61.5083526331 3.09973416589
pedestrian 0 1 4.315693960526086 1825.682617 392.647949 1856.48938 490.466095 1.607598 0.30984 0.406133 15.0839414258 -1.49348765376 49.1645015026 4.61338261593
trafficcone 0 0 -0.22772948037205742 1551.113525 426.958496 1564.551147 468.23465 0.690657 0.330045 0.151464 10.5265395796 -1.94528808749 51.4073646268 -0.0257543521807
motorcyclist 2 1 4.268070590443199 1859.664551 446.25705 1919.0 576.623047 1.55435 0.95232 2.221524 14.2974605617 -0.21016085436 42.5175902998 4.59246330136
cyclist 0 0 4.493562351355131 1577.067749 278.98053 1603.53125 349.551026 1.640725 0.281453 1.669579 15.9868486302 -5.8749243637 73.9072103241 4.70659003549
motorcyclist 0 0 3.537485339636333 1742.822754 316.728851 1800.188599 383.338714 1.399319 0.729873 1.060639 18.7398609187 -4.50118599378 66.4659133282 3.81229852604
trafficcone 0 0 -0.23087553529361196 1560.290527 378.195313 1573.358276 415.468018 0.726833 0.348875 0.17659 12.4067494611 -3.33639985203 59.6342894272 -0.0257543521808
car 0 0 4.6587009954890295 1088.148193 346.159424 1180.722168 427.735535 1.161535 1.742211 4.253808 2.99860185143 -3.31129364195 59.0356137899 4.70945048223
motorcyclist 0 0 4.559857786271548 1302.937256 221.495804 1324.200806 271.164612 1.543805 0.461085 1.759632 11.3757627799 -10.3777895561 97.8530927656 4.67559175772
trafficcone 0 0 -0.34586385750735665 1900.52356 538.227051 1915.846802 594.433045 0.722221 0.357941 0.054121 13.2686808514 0.212936116774 40.0248656126 -0.0257543521807
trafficcone 0 2 -0.2890615524432664 1839.487305 433.348083 1851.872437 470.994232 0.631226 0.313837 0.104834 15.9494167573 -1.90224495517 51.6081960708 0.0106754734368
car 0 1 4.690097122377025 946.422485 197.745499 997.895935 247.233094 1.569653 1.918324 4.218721 -0.810460290074 -12.4386488053 108.168456376 4.68260468741
trafficcone 0 0 0.2634626998489262 176.040939 369.886047 187.170944 407.981598 0.770079 0.341863 0.113546 -18.0571382947 -3.59728567871 61.4910115534 -0.0221628060457
car 0 0 4.7086139078060505 957.785461 281.71048 1032.115234 347.896057 1.292342 1.932904 4.219549 0.061927231134 -6.06019637539 74.0247549701 4.70945048223
motorcyclist 0 0 1.8530951748169457 160.738632 255.855225 189.212707 309.19928 1.388617 0.290813 1.71507 -24.671004676 -7.76781448557 83.3792729573 1.56541424962
trafficcone 0 1 -0.2890909033677315 1729.062744 538.845825 1744.864258 586.564575 0.60379 0.364327 0.09548 10.8129531277 0.104336217435 40.1077797999 -0.0257543521808
cyclist 0 0 2.67688064162469 1627.710938 557.740479 1748.112427 706.646119 1.56312 0.717194 1.157921 8.4631115109 1.40457584889 33.7263201887 2.92273903717
motorcyclist 0 1 2.983186211428723 1274.207886 347.952881 1358.459717 426.156403 1.455853 0.745203 1.615956 6.73189812067 -3.03784204187 57.4989905906 3.09973416589
trafficcone 0 0 -0.2745487301784483 1687.600342 428.059509 1700.285034 469.756805 0.700669 0.325874 0.116484 13.0922235498 -1.92258507138 51.5324021347 -0.0257543521808
motorcyclist 0 1 4.527356451951039 1480.86377 223.531631 1505.209351 282.624725 1.758763 0.43831 1.780514 16.8624447505 -9.50993416876 93.0712294985 4.70659003549
trafficcone 0 0 0.22942516657832696 277.492767 323.703094 288.152404 356.893676 0.780466 0.319179 0.161826 -18.2496461943 -5.39739911067 71.0008711991 -0.0221628060457
trafficcone 0 0 -0.18428957634482454 1425.208862 587.479553 1443.035278 647.261413 0.705632 0.307676 0.161178 5.85076673048 0.860205573315 36.5954496639 -0.0257543521808
car 0 0 -1.5457083653312842 896.785583 154.999222 932.761657 185.165665 1.388444 1.877805 4.257824 -4.28750617822 -20.7539695805 152.940599375 -1.57373482495
trafficcone 0 0 -0.2678945923990592 1668.14502 390.17569 1680.572388 429.02771 0.725165 0.374193 0.127154 14.171005927 -2.94486797 57.3756745898 -0.0257543521807
car 0 0 4.674446461921853 1055.818359 272.057709 1124.353149 334.046906 1.27084 1.754085 4.243409 2.70889398974 -6.68358435641 77.3564719062 4.70945048223
car 2 1 2.0554466350845173 0 300.670471 71.696091 377.271271 1.353615 1.954576 4.340243 -24.8178047422 -4.97244929828 68.5742636307 1.70820002169
pedestrian 0 1 2.996376751839845 1268.050903 336.692932 1290.161621 405.71994 1.336182 0.698466 0.353362 6.16174591067 -3.54508206585 59.4034675783 3.09973416589
car 0 1 -1.5372488339451553 875.591492 145.641296 907.329224 173.01625 1.379814 1.755183 4.200373 -6.05138884521 -23.1721704275 165.781528245 -1.57373482495
car 0 0 -1.5581179072283187 933.272095 141.786591 964.929566 169.79892 1.479264 1.914911 4.277665 -2.69052839744 -24.2659564076 172.268927356 -1.57373482495
car 0 0 -1.5233998880350885 802.568848 354.628784 899.790406 451.083191 1.317356 1.728764 4.273482 -2.78807206062 -2.69425650314 55.3436084016 -1.57373482495
motorcyclist 0 1 4.557189790291363 1406.2948 201.598129 1423.550904 247.154037 1.535167 0.344829 1.783853 16.1308304295 -12.0440587299 105.44619267 4.70898984094
van 0 1 -1.562377087872746 933.727844 242.783295 986.939758 305.378754 1.459663 1.584159 4.588902 -0.963263069596 -8.14013297758 84.8075318986 -1.57373482495
motorcyclist 0 1 4.493477527135266 1577.824707 262.012299 1602.837402 320.905701 1.452422 0.279553 1.745942 17.1021108935 -7.05250325856 79.0306264685 4.70659003549
trafficcone 0 0 0.2741319550204833 143.598221 383.853638 155.455124 421.125428 0.722055 0.306232 0.125487 -17.97132043 -3.17637111545 58.8681088874 -0.0221628060457
car 0 2 4.669658381235088 1088.490845 137.742722 1116.443848 164.626084 1.489608 1.634177 4.246932 7.1568398167 -25.6331910192 179.760852837 4.70945048223
trafficcone 0 0 -0.12234729262545699 1239.196899 379.402832 1249.711914 416.03537 0.712314 0.319425 0.176975 5.41007053296 -3.30244462779 59.2639331522 -0.0313118726528
car 0 0 4.69064245515226 977.561096 492.117035 1117.973266 622.257935 1.04244 1.899765 4.241909 0.744625137754 0.203832598805 39.5861474964 4.70945048223
car 0 1 1.6694494189725277 691.66095 165.075439 733.04364 200.128341 1.463323 1.642025 4.251515 -14.1078125536 -18.1938591194 139.223634704 1.5684621065
pedestrian 0 1 2.949068364713342 1468.963379 331.025726 1499.769653 385.209198 1.085603 0.604327 0.539408 10.9679702077 -4.10179533515 61.5928069525 3.12529343396
trafficcone 0 0 -0.20863089815635769 1492.044678 667.801392 1514.903321 734.010071 0.67586 0.30971 0.179881 5.92308655699 1.7022160533 32.0265707097 -0.0257543521808
pedestrian 0 1 4.542011408945497 1378.170898 184.641739 1390.909301 219.50473 1.359879 0.442483 0.363357 16.4406190409 -14.2683819711 115.752798921 4.68309987853
trafficcone 0 0 -0.11720782051072029 1224.489014 365.88382 1235.778321 399.353272 0.679529 0.301504 0.208823 5.3196860936 -3.7953178457 61.7793586653 -0.0313118726527
trafficcone 2 0 -0.3032063773182082 1758.152588 978.681091 1802.149414 1076.782715 0.651436 0.304448 0.218126 6.13013522838 3.65926128026 21.5245266383 -0.0257543521807
pedestrian 0 1 4.323500484134336 1803.802002 383.880829 1831.499878 487.28125 1.711863 0.262653 0.385692 14.7127054944 -1.55025903661 49.3244171588 4.61338261593
trafficcone 0 1 0.2955221716817111 77.144547 410.108978 91.807084 449.604278 0.696049 0.371591 0.133274 -17.8926238453 -2.40906371528 54.414295903 -0.0221628060457
cyclist 0 1 4.510568794310891 1528.699707 253.48288 1553.304565 307.590088 1.379059 0.341366 1.678682 16.1810519698 -7.6365391312 81.4874467362 4.70659003549
bus 0 1 4.660559046191997 990.283936 108.769859 1041.576294 177.904892 3.519835 2.532973 10.040343 1.35597462462 -22.8299702821 164.301497136 4.66881182455
car 0 0 4.6831106888098315 1038.402222 210.484451 1093.09729 262.989929 1.550618 1.890224 4.237399 2.68368529253 -11.1791405347 101.863541138 4.70945048223
motorcyclist 0 1 4.505976626687206 1539.625977 271.976624 1568.872071 327.587433 1.347795 0.428327 1.721006 15.9311019727 -6.81232859275 78.3437496929 4.70659003549
car 0 0 -1.5176229195018598 766.131592 476.159576 900.408142 617.791626 1.228327 1.695884 4.285961 -2.24707908454 0.147968945737 40.0043489438 -1.57373482495
trafficcone 0 1 0 1480.18673842 369.30226759 1493.80558758 402.406547066 0 0 0 0.0 0.0 0.0 0.0
trafficcone 0 0 0 1799.79100941 361.222623429 1811.20595223 381.627500313 0 0 0 0.0 0.0 0.0 0.0
trafficcone 0 0 0 1848.46748259 366.787291013 1861.04721549 385.429545794 0 0 0 0.0 0.0 0.0 0.0
trafficcone 0 0 0 1905.25532712 372.565884785 1916.49625311 392.774291052 0 0 0 0.0 0.0 0.0 0.0
car 0 1 0 937.351985861 129.923479533 965.037502447 155.411331938 0 0 0 0.0 0.0 0.0 0.0
car 0 1 0 934.576277058 114.806328619 954.749599287 133.225448915 0 0 0 0.0 0.0 0.0 0.0
car 0 1 0 937.909260731 107.438680501 957.414489306 126.120907698 0 0 0 0.0 0.0 0.0 0.0
car 0 1 0 964.302655563 101.681951102 981.333032661 116.081025301 0 0 0 0.0 0.0 0.0 0.0
car 0 1 0 973.00057348 107.602382625 996.243749092 127.337154371 0 0 0 0.0 0.0 0.0 0.0
car 0 0 0 901.780606515 105.727145437 920.620735275 125.093534777 0 0 0 0.0 0.0 0.0 0.0
car 0 1 0 944.849772373 101.326437521 962.537975197 117.333530159 0 0 0 0.0 0.0 0.0 0.0
bus 0 1 0 957.884077469 81.0445886662 980.49223198 108.957449823 0 0 0 0.0 0.0 0.0 0.0
car 0 0 0 844.479769153 99.2994954528 864.688175421 117.865968711 0 0 0 0.0 0.0 0.0 0.0
car 0 1 0 747.3324625 144.44573952 776.735693619 169.75676837 0 0 0 0.0 0.0 0.0 0.0
car 0 1 0 761.352044348 130.880846813 788.38078773 156.116094139 0 0 0 0.0 0.0 0.0 0.0
car 0 2 0 698.87270427 111.745506918 721.304035227 130.994013888 0 0 0 0.0 0.0 0.0 0.0
