trafficcone 0 1 4.433141499264641 1539.10376 719.58075 1565.077515 792.229676 0.677691 0.167999 0.324628 5.99788617499 2.16037098852 29.6191855602 4.63293978115
car 0 1 4.687076851873922 1037.825317 240.334991 1108.73706 306.6893 1.629971 2.100635 4.227173 2.49592669525 -8.21741082492 86.2129956187 4.71601946909
cyclist 0 1 4.466884415376043 1505.64502 237.67421 1529.638672 295.364502 1.586628 0.301631 1.648669 16.4418220074 -8.46130849627 86.4926752128 4.65473801584
trafficcone 0 0 -1.3077610369076544 112.797104 393.221375 127.670372 436.69516 0.813996 0.172202 0.307691 -17.9015633685 -2.75596534658 56.6817669139 -1.61367292397
trafficcone 0 0 4.595593701135634 1187.38855 322.097229 1198.447998 349.07193 0.62679 0.241501 0.31732 5.14845687774 -5.5790970491 70.8764876393 4.6681061838
car 0 0 4.6035053683401586 1082.378784 291.016663 1166.911621 369.499115 1.444015 1.658451 4.214104 3.27396731413 -5.17504112658 69.0821280577 4.65086232667
cyclist 0 0 4.36662100840038 1707.223877 342.429199 1743.195923 431.307464 1.606415 0.142216 1.581832 15.464035404 -3.02919514366 58.3619344348 4.62563668407
trafficcone 0 0 4.566672661444913 1224.107544 365.314453 1236.943115 401.741424 0.740346 0.233746 0.312989 5.32682893558 -3.7448805545 61.766248585 4.65270154191
pedestrian 0 1 3.016453780767166 1240.958252 320.942169 1265.620972 403.401947 1.694005 0.520634 0.460403 5.81164281732 -3.71255844211 61.5974706007 3.1105240375
motorcyclist 0 1 4.278147199618584 1745.857056 342.985291 1796.994263 424.63852 1.469918 0.256972 1.833039 16.819654975 -3.24916290497 59.7073079081 4.55273326542
car 0 0 4.628231594881016 978.55481 439.897308 1106.999268 554.706665 1.0959 1.709338 4.207268 0.761221589064 -0.71082281646 44.3428654713 4.64539662961
motorcyclist 0 1 2.9727177357412806 1273.770508 346.512177 1364.086792 429.845337 1.557256 0.768586 1.73746 6.80650436954 -2.97779502008 57.687219312 3.09016454436
motorcyclist 0 1 4.475058511839086 1553.420532 264.608765 1582.810913 331.35022 1.631477 0.349085 1.789374 16.2250864515 -6.67729369413 77.8938157518 4.68041955021
motorcyclist 0 0 4.400814466174418 1606.030029 301.874146 1641.846924 367.991486 1.399328 0.298971 1.775697 15.8190925627 -5.08042152275 69.2324268953 4.62545065463
trafficcone 0 0 4.545213803996711 1238.60498 378.390167 1251.152832 415.594024 0.725036 0.210567 0.306604 5.4231443571 -3.31373476661 59.3088261959 4.63639930851
cyclist 0 0 4.412078736232312 1665.347656 313.495453 1695.931518 394.888092 1.642578 0.165911 1.597257 16.0695621367 -4.14190151585 64.5586008308 4.65603535002
car 0 1 4.495399828016067 1241.572876 669.499084 1459.763062 856.899841 0.824527 1.373662 4.28728 3.69136225411 2.20851715693 29.1301810084 4.6214475184
trafficcone 0 0 4.430491637023683 1492.055054 667.123779 1515.838379 734.069275 0.683742 0.174206 0.300295 5.92702748754 1.70231235072 32.0189046211 4.61353000418
car 0 0 -1.5471889819416904 724.814941 592.561584 895.60083 774.874328 1.085493 1.823366 4.237448 -2.04399342845 1.64646615005 31.9217775209 -1.61113300307
car 0 0 4.57542884522626 1138.05896 431.332184 1264.616943 541.942627 1.092003 1.507703 4.234114 3.39532116415 -0.911695236428 45.5539826796 4.64982529697
bus 0 0 1.6559587012807262 649.051147 110.730042 712.773742 181.987992 3.455465 2.49095 13.827869 -18.2428199524 -22.4595875961 162.573572116 1.54421345431
car 0 0 -1.5680449186771692 799.366882 429.477325 926.143371 556.343994 1.293826 1.934998 4.273834 -2.08258102008 -0.69316699105 44.6513551017 -1.61465207876
trafficcone 0 0 4.385323155191128 1899.454956 536.487366 1918.293701 592.596924 0.731538 0.129262 0.305141 13.2971549021 0.192905773282 40.0815290862 4.70565045235
motorcyclist 0 1 4.042820312903343 1649.908203 296.709686 1697.325073 364.933288 1.540459 0.661447 0.954983 17.3264386431 -5.19451071427 70.2967421048 4.2844792461
trafficcone 0 0 4.336114202128796 1774.163818 400.550171 1787.781982 441.383545 0.743602 0.120753 0.318428 15.8535083675 -2.61093016108 55.5130263228 4.61429134319
cyclist 0 1 4.416237155443971 1603.828247 290.17337 1632.360962 358.272033 1.524285 0.175799 1.738399 16.3234084441 -5.52325569315 72.1059170303 4.63886564879
pedestrian 0 1 3.167970418398111 1467.810059 329.307281 1500.365357 401.587066 1.462259 0.670355 0.654871 11.0353609836 -3.79112838345 62.021345969 3.344056081
car 0 0 4.688110109559453 958.919739 269.697723 1036.835205 346.594146 1.577126 1.992278 4.266092 0.12017797489 -6.12984599627 74.4408298706 4.68972451755
trafficcone 0 0 4.469750711606698 1561.351074 378.348236 1575.884277 415.626739 0.721101 0.1943 0.394457 12.4449627952 -3.33605368817 59.6318682529 4.67549414513
trafficcone 0 1 1.3803349158469678 1322.26355 323.633545 1333.419556 346.480072 0.525364 0.217244 0.327301 8.62607940577 -5.65073291969 70.9739052341 1.50128046675
car 0 0 4.66736802433882 875.454895 201.83197 923.882202 245.664535 1.384127 1.73383 4.245182 -3.71758716903 -12.7297663271 110.191393816 4.63364327032
van 0 0 -1.5226813921936855 860.875793 333.446869 955.243957 430.228546 1.446707 1.773273 4.360623 -1.74148502374 -3.23364860672 58.3624819265 -1.5525116596
car 0 0 1.659827027725714 648.150513 297.134277 732.62024 380.371978 1.47704 1.623809 4.23954 -7.24175182346 -4.75255687748 66.5797476952 1.5514848479
cyclist 0 1 4.402812180306782 1619.860596 269.100494 1645.515992 336.400573 1.611855 0.145353 1.613072 17.5596674993 -6.35998386126 75.7948716648 4.63046945966
cyclist 0 1 4.4893515773678825 1433.31958 204.413101 1451.06897 246.630478 1.383383 0.250901 1.704156 16.7754081496 -11.7819401907 102.99979958 4.65080234147
trafficcone 2 0 4.395048368917667 1762.478394 976.151978 1803.177857 1076.867554 0.671379 0.187939 0.304578 6.15134204756 3.66012397191 21.5271556872 4.6733792131
car 0 1 4.67768145150586 948.238098 225.330399 1007.331726 282.481202 1.536792 1.869182 4.259287 -0.519551155186 -9.75030172028 94.3579616774 4.67217533527
car 0 1 4.696208365979281 859.949951 182.02121 902.046692 223.345963 1.503593 1.795173 4.249432 -4.98533529125 -15.1447471761 123.190256609 4.65576185183
trafficcone 0 0 4.424571026185607 1666.506714 389.515045 1680.734009 429.408874 0.750362 0.169423 0.334096 14.1559629028 -2.93519620665 57.3791962349 4.66644986707
trafficcone 0 0 4.365555943735064 1686.109375 428.060944 1700.632568 470.383423 0.713269 0.137637 0.30678 13.0815072595 -1.91077697571 51.5334642447 4.61415005299
trafficcone 0 0 -1.2880464002694318 143.145615 384.015076 156.261658 421.860108 0.733749 0.148121 0.309706 -17.9768014094 -3.1633701797 58.8996721781 -1.58427663504
trafficcone 0 0 1.8547926363595122 277.608673 323.541962 288.841736 353.534729 0.703164 0.166646 0.314227 -18.2390701691 -5.47835299791 70.9926795189 1.60331658763
trafficcone 0 1 4.589910646188333 1263.827393 403.907288 1277.118897 437.580262 0.595227 0.213603 0.339754 5.51899097551 -2.6503445615 54.7960551588 4.69029089595
pedestrian 2 0 4.323151573340613 1896.760132 410.382721 1919.0 521.835632 1.673528 0.557872 0.603871 15.3673266244 -0.91483413982 45.6779946055 4.6476841522
car 2 1 -1.4108287639314354 207.505661 847.374023 533.913193 1079.0 1.046578 1.796944 4.217587 -4.75577821654 3.63588160668 21.7761583836 -1.62584651514
car 0 1 1.836924205031243 215.152206 239.276749 302.722076 295.002076 1.395944 1.640969 4.284029 -23.89927327 -8.93810511559 90.1222646125 1.57770354274
trafficcone 0 0 -1.2659228693947226 175.557907 370.29837 189.515579 405.898162 0.718746 0.170748 0.328743 -18.0298843146 -3.63874040549 61.4642481908 -1.55125785505
cyclist 0 0 2.2471681587380083 1801.976807 541.664307 1892.943238 687.179078 1.587176 0.033577 1.581356 10.7488117494 1.22506501703 34.7935158402 2.54679868077
bus 0 1 4.689773632671588 1004.173279 125.504288 1068.775757 215.506577 3.457057 2.745111 11.367574 1.98907190623 -16.3850249124 128.84472869 4.70521015021
motorcyclist 0 1 3.6662073780801787 1746.165527 314.173218 1807.649292 382.278992 1.422251 0.738432 1.137298 18.8509974717 -4.52710351661 66.4065244749 3.9428035851
bus 0 1 1.6055414852609036 742.797791 145.923553 825.719971 241.556304 3.084227 2.905428 10.027129 -8.23459734899 -13.1101118644 110.457105928 1.53112895446
car 0 0 1.6616633393937548 664.792175 193.386673 716.428222 235.017288 1.362108 1.702433 4.21745 -12.3408122463 -13.463821326 113.085351109 1.55296517145
cyclist 0 1 4.336300175157016 1703.347656 321.563232 1739.972656 401.108551 1.607412 0.164205 1.690176 17.2102563675 -4.0525855912 65.2510147884 4.5941818819
trafficcone 0 0 4.368366971941809 1839.638672 425.662384 1854.675171 469.210754 0.737103 0.137823 0.301667 15.9563756147 -1.93141193766 51.5511508654 4.66853932906
car 0 1 1.632211623394656 731.30835 140.272324 765.974854 172.521195 1.679801 1.817548 4.234863 -14.8136561697 -23.497817077 167.905755039 1.54421345431
car 2 0 4.562890992545501 1068.841675 1005.714844 1435.039917 1079.0 0.771514 1.764954 4.476564 1.59513181706 4.23760982334 18.5749032039 4.64855646772
trafficcone 0 0 4.5865761672460055 1251.204956 390.512482 1264.277832 430.060669 0.74021 0.218978 0.32676 5.48443309108 -2.90649234646 57.0755229939 4.68237285278
trafficcone 0 1 4.417245220601884 1728.394653 537.026123 1746.279541 577.701782 0.497217 0.119357 0.393935 10.7667023662 -0.0206184384985 39.9075715113 4.68076221626
car 0 0 4.674138672790889 935.374878 171.648941 976.794495 211.01416 1.548002 1.805655 4.226698 -1.74221291809 -16.6883149652 131.354590866 4.66087601669
pedestrian 0 1 2.9725240872690386 1264.823486 332.152405 1291.348144 412.170624 1.564873 0.651013 0.43766 6.13807046878 -3.41189593571 59.4082345858 3.07547897086
car 0 1 4.60475713433199 1023.835876 209.377457 1070.642334 252.677765 1.311854 1.373044 4.265843 2.11306812475 -12.1458566927 107.307480394 4.62444630285
trafficcone 0 1 -1.3282394338486436 77.821465 409.925049 93.043801 449.827515 0.711747 0.176322 0.30648 -17.8891617693 -2.40315021373 54.4624435461 -1.64560468085
trafficcone 0 0 4.5180440346529185 1425.162109 586.95282 1444.593017 646.551819 0.702168 0.179437 0.311818 5.86133310665 0.850735863665 36.5990384172 4.67684547212
trafficcone 0 0 4.4983252980231905 1456.829712 624.391235 1477.26648 689.754211 0.723774 0.170019 0.303264 5.90182283079 1.30723009648 34.3598363381 4.66843053429
trafficcone 0 0 4.424855710789022 1551.772339 426.681915 1565.964966 470.948944 0.747571 0.154761 0.303973 10.55952438 -1.89858638101 51.4788930059 4.62717270603
trafficcone 0 1 -1.209596054371939 146.011658 325.392395 157.121033 348.275116 0.528959 0.142127 0.321397 -21.6654914763 -5.61655072853 71.1083049769 -1.5053436197
car 0 1 0 812.035832734 125.798161089 840.059233874 153.035859392 0 0 0 0.0 0.0 0.0 0.0
car 0 1 0 769.607879608 126.84576487 796.845577911 151.726354666 0 0 0 0.0 0.0 0.0 0.0
car 0 1 0 786.893341993 118.203033677 808.631120447 140.202713076 0 0 0 0.0 0.0 0.0 0.0
car 0 1 0 716.741602408 106.813485371 737.220161117 124.513798853 0 0 0 0.0 0.0 0.0 0.0
car 0 0 0 859.507648865 93.9824342625 876.312959517 109.696490976 0 0 0 0.0 0.0 0.0 0.0
car 0 0 0 894.427774895 114.498008305 917.56235839 136.75958865 0 0 0 0.0 0.0 0.0 0.0
car 0 0 0 936.113675344 127.374804779 960.12126199 149.854635911 0 0 0 0.0 0.0 0.0 0.0
car 0 0 0 980.200334457 117.771770121 1003.98967032 142.870610705 0 0 0 0.0 0.0 0.0 0.0
car 0 1 0 941.133443461 116.244014607 962.95852223 138.942096526 0 0 0 0.0 0.0 0.0 0.0
car 0 1 0 969.724296648 107.732233887 990.676372266 125.192296902 0 0 0 0.0 0.0 0.0 0.0
car 0 1 0 938.732684796 107.950484675 957.28400175 123.228039813 0 0 0 0.0 0.0 0.0 0.0
bus 0 1 0 960.776014353 83.5063964535 986.311356512 114.498008305 0 0 0 0.0 0.0 0.0 0.0
pedestrian 0 1 0 1386.76751178 161.223469598 1399.2130447 197.051518905 0 0 0 0.0 0.0 0.0 0.0
car 0 1 0 938.889661517 154.356551054 977.734809713 187.167501472 0 0 0 0.0 0.0 0.0 0.0
motorcyclist 0 0 0 1391.85868957 263.739661016 1422.27104637 329.452074819 0 0 0 0.0 0.0 0.0 0.0
trafficcone 0 1 0 1483.3129911 369.639832021 1493.6314693 405.482966822 0 0 0 0.0 0.0 0.0 0.0
trafficcone 0 0 0 1905.31702638 371.218378159 1918.44140655 394.751749494 0 0 0 0.0 0.0 0.0 0.0
trafficcone 0 0 0 1849.19898705 368.050424326 1861.87080238 388.86840666 0 0 0 0.0 0.0 0.0 0.0
