car 0 1 -1.4764834707099173 938.435913 143.55748 968.398743 170.01384 1.380033 1.472695 4.064586 -2.39618327232 -23.9818028425 170.372845409 -1.49054689315
pedestrian 0 1 1.3316781228138639 1610.328979 378.235931 1643.408203 470.304992 1.598082 0.476238 0.323984 11.8114789703 -1.9117763361 51.4895883858 1.5571722898
trafficcone 0 0 2.8499789646331997 1685.01416 426.98941 1700.015381 470.239135 0.729743 0.310863 0.158319 13.0614695548 -1.91276732556 51.5190557641 3.09827435425
trafficcone 0 1 3.4346145604758185 77.27507 408.708069 91.015434 450.59375 0.745982 0.340259 0.122473 -17.9127169107 -2.39036126028 54.4600056906 3.1168456943
pedestrian 0 1 1.310920872551467 1708.24646 265.786743 1729.83728 326.05661 1.543139 0.431878 0.3481 19.968593036 -6.57840475838 75.9297137698 1.56808555999
trafficcone 0 0 3.026101529366599 1187.796875 323.761688 1196.18457 354.103485 0.706278 0.34089 0.168662 5.1196363878 -5.4524649802 70.8124846984 3.0982744526
car 0 0 1.8185786819245402 89.74025 450.76416 257.21048 574.332947 1.132432 1.4204 4.195331 -12.4648779062 -0.41742779082 42.3058252702 1.53204894612
trafficcone 0 1 2.8987801137878715 1539.549927 719.367065 1562.955689 794.55719 0.704814 0.333196 0.147069 5.99802316122 2.18722684799 29.6662277112 3.09827435425
trafficcone 0 0 3.012443144146478 1224.546875 364.043915 1235.392334 399.995667 0.731832 0.306484 0.194115 5.31558035058 -3.78199334268 61.7783966399 3.0982744526
trafficcone 0 0 2.8964543821174176 1551.037842 426.038055 1563.787964 469.045105 0.719944 0.34098 0.129606 10.5192501503 -1.93202177402 51.4123542688 3.09827435425
bus 0 0 4.210829820476392 1639.77832 915.979248 1919.0 1079.0 2.792305 1.978644 10.592754 4.65094940538 5.37715312298 9.45597916756 4.66793841645
car 0 0 -1.5175792435346058 952.058289 166.719925 987.562073 199.446869 1.35136 1.561117 4.307341 -1.12496656172 -18.2145136922 139.134175493 -1.52566454712
trafficcone 0 2 2.893125827051729 1561.259644 378.254242 1572.673829 419.338074 0.80716 0.325428 0.137695 12.3944532565 -3.2519073905 59.56701855 3.09827435425
trafficcone 0 1 2.977315713543536 1323.195068 324.105133 1332.700683 354.341766 0.706308 0.333014 0.176839 8.62929822261 -5.46007953505 70.992630199 3.09827435425
car 0 0 4.640246025874998 1031.403442 224.131882 1087.403076 275.963593 1.409046 1.653474 4.106459 2.30625179699 -10.1141382051 95.9269419868 4.66428314789
car 0 0 1.3119109549839212 706.090027 328.752777 827.043274 413.575317 1.253549 1.577483 4.268246 -4.95343620558 -3.67032721214 60.1781304496 1.22978320797
motorcyclist 2 0 4.492233825314132 1519.486328 1000.72168 1695.183594 1079.0 1.043872 0.65429 2.206458 4.11341274074 4.09570607883 18.7070937264 4.70867461193
car 0 1 -1.4887130540992697 652.157776 770.389587 884.908264 1022.631591 0.898059 1.631155 4.101269 -1.82843712309 2.96434743687 23.7019179308 -1.56570357396
car 2 0 1.895374975193068 0 476.358856 47.3228 625.041931 1.315951 1.710416 4.201269 -15.1343584441 0.242273435157 39.8057970951 1.53204894612
car 0 0 1.7966980662788439 366.773773 316.325409 470.464721 391.000549 1.207034 1.415328 4.212323 -13.2861134238 -4.35707425711 64.165725281 1.59252397535
trafficcone 0 0 2.940240642857885 1421.791016 587.313354 1443.62378 646.939819 0.697476 0.33354 0.204907 5.83153924322 0.852937184945 36.5928970384 3.09827435425
pedestrian 0 1 4.497157290057682 1494.328369 193.697006 1509.803833 238.762848 1.631588 0.462164 0.42865 19.8347533419 -12.5389202912 107.479386656 4.67964880701
trafficcone 0 1 2.834885917480649 1727.886108 537.625732 1746.490478 587.889892 0.641675 0.32851 0.138711 10.7613315527 0.124771829284 39.9080643719 3.09827435425
trafficcone 0 0 2.9287295275257947 1453.415405 623.836304 1477.494873 688.594971 0.713813 0.308122 0.214447 5.87341583256 1.29080076912 34.3096855828 3.09827435425
trafficcone 0 0 2.7982228241930076 1839.53833 424.512299 1854.095459 469.297211 0.752137 0.348175 0.110872 15.9319429467 -1.93103787906 51.4942413271 3.09827435425
van 0 0 1.756411425017324 480.342285 298.408813 585.615234 404.044219 1.756485 1.420654 4.844454 -10.2891409557 -4.00074003791 62.2186542983 1.59252397535
motorcyclist 0 0 3.720875389414131 1743.294434 314.277252 1807.786255 381.397125 1.389114 0.280195 1.516478 18.6730387825 -4.51301982693 65.9063433032 3.99696643731
pedestrian 0 0 4.491743838853843 1511.072876 194.633499 1523.962769 238.510467 1.594017 0.388242 0.28908 20.4072224905 -12.5251838344 107.322728785 4.67964880701
trafficcone 0 0 2.8203239217824847 1773.822021 401.201263 1786.711792 440.859649 0.721066 0.323313 0.119777 15.8412485121 -2.62115275968 55.5177609441 3.09827435425
van 0 1 1.85300864624866 155.235428 236.724258 252.987396 311.532959 1.752012 1.475791 4.773288 -23.602641927 -7.79747826077 82.8906050823 1.57560583309
car 0 1 1.7058202040358694 459.431458 173.327332 504.034302 208.349137 1.394956 1.53785 4.327027 -24.9734051841 -17.2838877866 135.092254798 1.52302201193
car 2 1 -1.344236188316866 166.974884 852.454956 530.629944 1079.0 1.201345 1.767427 4.539175 -4.94744964518 3.87637588125 21.9729723269 -1.56570357396
car 0 2 4.679499129031499 1169.404297 175.81839 1212.931519 209.100464 1.315226 1.96166 4.184461 9.64726057151 -17.1318211514 134.220542683 4.75125192115
trafficcone 0 0 3.402394284447819 175.801758 370.883698 188.035248 405.823548 0.701128 0.339551 0.142528 -18.0040186286 -3.63325660772 61.3275681538 3.1168456943
trafficcone 0 0 3.422951834518187 114.02108 396.568817 125.559738 435.348541 0.716874 0.354634 0.092418 -17.9210217952 -2.78609507689 56.7050197336 3.1168456943
trafficcone 0 0 3.0075900746056083 1237.920654 378.849396 1249.034179 415.360108 0.710651 0.307242 0.187966 5.38652006771 -3.3140293057 59.2355662247 3.09827455095
trafficcone 0 1 2.997932527094835 1265.439941 404.531433 1275.31018 439.97586 0.631713 0.312325 0.141443 5.51217496843 -2.60115820053 54.7491552014 3.09827494435
trafficcone 0 0 2.7778199286947283 1899.560913 537.067017 1919.0 592.332459 0.711796 0.330231 0.117518 13.25607591 0.185801068769 39.9407143445 3.09827435425
pedestrian 0 1 4.477901708322167 1541.685791 222.455002 1561.498779 270.716431 1.608422 0.545049 0.496501 20.1179460387 -10.5039405885 99.369365509 4.67765789791
car 0 1 1.6583623806139272 727.989136 212.129837 787.83606 266.35672 1.541898 1.736485 4.209735 -8.31287400449 -10.668941836 98.1933181279 1.57390551918
pedestrian 0 1 1.3056572246773637 1684.307739 373.498077 1721.9104 465.706176 1.606563 0.532507 0.388769 13.3472429816 -2.01532683446 51.9436111028 1.5571722898
car 0 0 1.7011988916953815 601.592529 231.876251 674.261352 294.115021 1.556605 1.721048 4.293772 -11.2656538928 -8.76124562085 88.0229644297 1.57390551918
pedestrian 0 1 1.3047443345416072 1726.749268 266.438934 1747.820557 325.339325 1.490468 0.383302 0.45927 20.3707246559 -6.57026245879 75.5583913446 1.56808555999
trafficcone 0 1 3.4126543376459253 146.137573 325.529968 156.330292 353.825744 0.662212 0.313787 0.137486 -21.6672980186 -5.47955810216 71.098658101 3.1168456943
trafficcone 0 0 2.9156301257483404 1489.953735 666.613403 1515.780761 735.94696 0.708465 0.305471 0.208773 5.89615579323 1.71775486919 31.9224234473 3.09827435425
trafficcone 0 0 3.0031007977574715 1250.639771 391.022827 1261.356568 430.116791 0.731767 0.312092 0.167662 5.4393927524 -2.8995684311 56.9794502172 3.09827474765
car 0 1 4.688475255418392 1088.93811 135.334 1114.272339 159.378159 1.374081 1.600476 4.229696 7.35196895266 -26.8624050301 186.073987928 4.72796571213
pedestrian 0 1 4.484251590344647 1462.593872 192.276047 1479.354126 234.198029 1.556803 0.539099 0.399163 19.1079839666 -13.0355723934 110.258267115 4.65584928988
trafficcone 0 0 3.412708391708891 144.388733 383.420532 157.293472 420.375 0.710487 0.338207 0.140133 -17.9171833925 -3.18902428256 58.7817088303 3.1168456943
pedestrian 0 1 2.9717039301584567 1558.58374 361.24939 1588.972656 465.390107 1.815819 0.500333 0.4195 10.9637171037 -2.03762891607 52.177924848 3.17881273322
trafficcone 0 0 2.9208801176155466 1482.048828 365.829712 1492.689331 401.362457 0.71941 0.329642 0.144326 11.0603083464 -3.74902708292 61.6933589779 3.09827435425
trafficcone 0 0 3.36834985653907 277.648926 323.489777 288.594849 354.439637 0.723244 0.33244 0.169352 -18.2186030075 -5.45074274581 70.9047432393 3.1168456943
pedestrian 0 0 1.3218876697876234 1637.454346 381.600983 1673.338501 471.361389 1.550255 0.51739 0.345838 12.3147080626 -1.89041479118 51.3702181374 1.5571722898
car 2 1 4.663047108459298 1023.865906 826.681335 1288.858032 1079.0 1.056682 1.865317 4.19925 1.19582239074 3.47564666814 21.946344583 4.71748173322
pedestrian 0 1 1.3372566539171076 1594.188232 357.550842 1627.527221 460.518493 1.8334 0.480502 0.370126 11.806548989 -2.14152110616 52.8184342179 1.5571722898
motorcyclist 0 0 4.388860554258768 1795.246948 504.203705 1861.624145 632.30127 1.375479 0.248259 1.818449 11.5127326601 0.550229295497 38.1392881588 4.68202306748
pedestrian 0 0 4.50297235140258 1477.403564 192.517746 1493.577758 238.41272 1.702763 0.508279 0.421284 19.6483847989 -12.8517499283 110.05155953 4.67964880701
car 0 0 0.8683370700846631 898.688599 372.892761 1103.944947 470.951568 1.258073 1.887175 3.860069 0.139806468898 -2.23071551471 52.9142277654 0.870979197722
pedestrian 0 1 3.0277148661623254 1246.023926 324.979431 1269.479981 405.4664 1.635265 0.50129 0.435416 5.84408841831 -3.62583363251 60.895188767 3.12339147635
car 0 1 1.6907913656002784 679.087708 254.422363 758.578309 330.29602 1.659471 1.694987 4.198799 -7.6198980286 -6.77144270023 77.2927323473 1.59252397535
car 0 0 1.7502176467429316 297.191406 444.961151 453.651642 568.322266 1.152219 1.591642 4.193099 -9.46024166208 -0.502408398258 42.6718787509 1.53204894612
car 0 1 4.540640800028042 1349.90271 791.397705 1652.023438 1053.682129 0.855499 1.747463 4.199085 4.11887346559 3.07224952593 23.0481002883 4.71748173322
trafficcone 0 0 0 1904.7201846 371.970284363 1916.08741313 392.279732662 0 0 0 0.0 0.0 0.0 0.0
trafficcone 0 0 0 1848.18716807 366.817140765 1861.37315316 386.823462969 0 0 0 0.0 0.0 0.0 0.0
trafficcone 0 1 0 1798.3229256 361.209308025 1809.69015413 381.973445465 0 0 0 0.0 0.0 0.0 0.0
car 0 0 0 891.500120537 128.315421899 916.118809388 152.148407914 0 0 0 0.0 0.0 0.0 0.0
car 0 0 0 936.604373947 112.904423918 959.793520139 133.365435263 0 0 0 0.0 0.0 0.0 0.0
van 0 0 0 975.404513981 109.418473836 996.774903609 131.091989558 0 0 0 0.0 0.0 0.0 0.0
car 0 0 0 903.513108684 106.538775943 920.058741316 121.442475566 0 0 0 0.0 0.0 0.0 0.0
car 0 1 0 911.53374093 101.449485296 928.33197864 119.510748397 0 0 0 0.0 0.0 0.0 0.0
car 0 0 0 781.874842413 107.614086336 799.978206361 123.296651617 0 0 0 0.0 0.0 0.0 0.0
car 0 1 0 770.31308197 190.01166619 814.145115165 228.933056661 0 0 0 0.0 0.0 0.0 0.0
car 0 1 0 761.546675332 203.252213976 805.851585233 245.156365213 0 0 0 0.0 0.0 0.0 0.0
trafficcone 0 1 0 1667.25363667 389.710944969 1679.32203223 428.178955804 0 0 0 0.0 0.0 0.0 0.0
