car 0 1 4.693527181211603 1044.917847 257.165466 1105.878418 312.640655 1.245708 1.760484 4.206591 2.48733798379 -7.80148453637 83.5612538664 4.72328503693
car 0 0 1.690254528211745 649.154175 299.484039 730.585999 380.050171 1.421252 1.432325 4.218019 -7.25598926929 -4.75543403859 66.5744470994 1.58169243784
motorcyclist 0 1 4.400457515528963 1779.795776 338.54657 1813.274902 416.089173 1.36445 0.071689 1.808739 17.0538181529 -3.36039878163 58.6300396933 4.6835188087
motorcyclist 0 1 4.306829961733056 1712.294556 334.182465 1746.746338 387.16568 0.98226 0.024643 1.824464 17.1709041158 -4.31012701865 64.354062539 4.56757482191
car 0 0 4.658483525873613 955.84021 279.560059 1030.33252 348.500122 1.331172 1.742833 4.250328 -0.00771803695401 -5.97495887841 73.0631663427 4.65837789075
car 0 0 -1.4607499703528373 523.105408 1055.97168 865.386353 1079.0 0.463318 1.656484 4.229134 -1.74684052739 4.0502391273 17.4148803423 -1.56072292219
motorcyclist 0 0 4.626561039123881 1291.544678 238.041931 1314.960205 290.12027 1.459472 0.574469 1.804848 10.0358402001 -8.8901031953 89.2050303999 4.73859303784
car 0 0 -1.5435668666251803 933.419739 141.72081 960.91449 165.511414 1.27762 1.647216 4.279669 -2.89894232743 -25.254360765 177.469717666 -1.55990027025
trafficcone 0 0 4.4129634131886 1841.126709 426.982269 1853.384155 470.897918 0.734554 0.08015 0.355678 15.909530063 -1.89923121202 51.3937261925 4.71316917585
motorcyclist 0 1 4.502696137999456 1478.512329 299.273285 1517.135132 368.434204 1.45378 0.533924 1.843948 12.5678802286 -5.03883418691 68.7447211048 4.6835188087
motorcyclist 0 1 4.486245681389704 1480.177368 220.076721 1497.637207 273.847259 1.601608 0.123653 1.881968 16.8807491297 -9.88194047915 93.9257469077 4.66407166242
trafficcone 0 0 4.475410146802685 1494.346436 668.998901 1513.05542 733.988769 0.661936 0.124184 0.311636 5.93023463041 1.70285661694 32.048876294 4.65837789075
trafficcone 0 0 4.6179364881976905 1251.97522 391.617981 1260.252442 424.799255 0.617678 0.13286 0.308756 5.45157772504 -3.00791291916 57.0716555989 4.71316917585
motorcyclist 0 1 2.9399102306703284 1274.290894 348.437286 1362.969239 427.363861 1.488135 0.522052 1.735487 6.78693170393 -3.00714425767 57.5463113803 3.05730653181
trafficcone 0 1 4.45841360826991 1542.810425 720.52887 1562.22937 791.307618 0.663669 0.107974 0.31053 6.00496004985 2.15442778542 29.6288330326 4.65837789075
trafficcone 0 1 4.627420488569911 1225.367188 366.753601 1234.113526 403.24704 0.742667 0.158273 0.329307 5.31779903394 -3.71885986474 61.8640258152 4.71316917585
cyclist 0 0 4.430565800571019 1778.311279 371.636932 1812.893676 467.748901 1.512644 0.045884 1.878906 15.3094264996 -2.11478016359 52.7229340879 4.71316917585
motorcyclist 0 1 4.450040311365515 1579.436157 273.257263 1606.879394 340.741638 1.5841 0.218065 1.806268 16.3540225823 -6.21248517425 75.2391355646 4.66407166242
trafficcone 0 0 4.511367652433604 1552.363647 427.772888 1562.227783 467.195007 0.661373 0.097244 0.316425 10.5359784725 -1.96580470323 51.4989510737 4.71316917585
trafficcone 0 1 -1.2640515621893538 146.600388 325.816101 155.644822 353.920746 0.655107 0.087018 0.350627 -21.6956926753 -5.48528330046 71.1816044794 -1.55990027025
trafficcone 0 0 4.499816857198555 1425.415771 587.268127 1442.916992 645.561279 0.67051 0.133233 0.389547 5.8558854169 0.83086701007 36.6214030539 4.65837789075
trafficcone 2 0 4.379334059231728 1768.159424 977.2901 1801.578858 1075.965454 0.653223 0.12441 0.313697 6.17092913411 3.65387641076 21.5375629046 4.65837789075
car 2 1 -1.410709179500968 211.889847 849.377014 535.055191 1079.0 1.061651 1.771488 4.230745 -4.73924298693 3.67011987973 21.7965745052 -1.62480741643
motorcyclist 0 1 4.441336585541497 1659.770142 324.783264 1690.851075 400.068298 1.454691 0.162641 1.806547 15.7018025446 -3.97986667028 63.5621118146 4.6835188087
car 0 0 -1.5660372247267251 737.736572 607.0448 918.442016 798.479614 1.07199 1.862462 4.297068 -1.81744822849 1.79940428739 30.8890484134 -1.62480741643
car 0 0 4.5871193470498985 1133.234131 380.597656 1251.2052 488.82489 1.312989 1.623875 4.270194 3.61374127567 -1.86353487437 50.6272289965 4.65837789075
trafficcone 0 1 -1.24215172577957 77.845955 411.542389 90.847847 448.770325 0.658257 0.102979 0.337721 -17.8949580103 -2.4218249911 54.4097386429 -1.55990027025
car 0 1 -1.5489373214482913 941.041687 177.296646 982.507935 216.842193 1.492201 1.80838 4.241398 -1.39119320555 -15.8726611855 126.894460277 -1.55990027025
bus 0 1 1.6093296034690514 768.596069 133.999878 838.634216 211.410355 2.80935 2.703032 12.948352 -8.67389053375 -16.5268541203 128.217757051 1.54178283782
car 0 1 4.612059285074539 1074.238281 308.713379 1169.912231 393.428192 1.430361 1.814642 4.265936 2.9993789243 -4.34920301454 64.7090646392 4.65837789075
trafficcone 0 1 4.56269717996877 1323.638428 324.931244 1331.517212 356.802033 0.750018 0.14257 0.310147 8.63120059373 -5.40588158184 71.089594782 4.6835188087
car 0 0 1.9394126872147566 0 576.60199 45.742535 795.692871 1.444539 1.730581 4.218455 -12.2328955971 1.80629472062 31.0748122341 1.56438416507
car 0 1 4.611366199094329 1020.304932 714.123291 1244.018555 923.447998 0.684527 1.683003 4.702901 1.25850290195 2.48368835722 26.7502738661 4.65837789075
trafficcone 0 0 4.464621134474652 1687.653931 429.233459 1698.613648 467.013122 0.632872 0.098517 0.313796 13.0805977494 -1.97038294659 51.5398373757 4.71316917585
trafficcone 0 0 -1.274332614409707 176.468811 370.931641 187.314774 404.651032 0.681799 0.113954 0.300482 -18.0384450145 -3.66197410098 61.4405015627 -1.55990027025
trafficcone 0 0 -1.2540650293619242 114.831879 397.957489 126.584069 433.147644 0.653152 0.105231 0.303867 -17.9017415594 -2.82506817826 56.6974628429 -1.55990027025
trafficcone 0 1 4.435273253780236 1774.375977 401.548004 1785.70105 438.830841 0.668481 0.08681 0.384569 15.8439606088 -2.66465345796 55.5387395698 4.71316917585
car 0 0 -1.5480986721424752 934.35968 205.019928 984.200928 252.363129 1.428576 1.790295 4.283139 -1.23741755698 -11.8792058906 104.846826433 -1.55990027025
trafficcone 0 0 4.622337456749801 1239.306641 379.843597 1248.425537 413.771972 0.659449 0.158854 0.309381 5.40268370258 -3.35054104194 59.3164752867 4.71316917585
bus 0 0 1.626892654883135 691.518127 101.635452 741.584167 157.324829 3.216835 2.666363 12.313351 -18.8284894878 -27.5946627486 189.120183774 1.52766131945
pedestrian 0 1 2.955273159936878 1264.166382 337.066437 1286.760376 414.573975 1.535261 0.403841 0.387916 6.06199841343 -3.33616793948 59.205600266 3.05730653181
cyclist 0 0 4.4154094371823875 1734.713379 341.745483 1769.236328 421.901062 1.399111 0.117843 1.810087 15.9544886078 -3.21523284702 58.0746594439 4.6835188087
car 0 1 4.505597884391432 1300.935669 739.651306 1556.255859 957.234314 0.779916 1.493562 4.200483 3.96168323746 2.7134838959 25.7285693187 4.65837789075
cyclist 0 0 -0.7843776582981389 1905.198364 595.536743 1919.0 664.094177 0.614633 0.681948 1.534987 12.891836339 0.96374783529 36.442660463 -0.444360015693
car 0 0 4.645563812864582 977.535095 355.850616 1082.005371 461.389587 1.427329 1.755412 4.213531 0.69052597702 -2.44844082918 53.8851244771 4.65837789075
pedestrian 0 1 3.062872509078943 1469.03833 329.033752 1498.858765 399.48883 1.450689 0.456753 0.581824 11.005464786 -3.8105603782 61.8858778754 3.23886744168
car 0 0 -1.525819652778699 866.367249 246.872131 928.536316 300.703674 1.268869 1.756023 4.298115 -2.96431666942 -8.46315490998 86.9458691575 -1.55990027025
trafficcone 0 1 4.395001857023929 1729.218262 539.639587 1744.78003 583.362365 0.556295 0.104181 0.303611 10.7800051456 0.0652604690765 39.979287417 4.65837789075
motorcyclist 0 1 3.859769959806354 1751.153442 317.588318 1806.674194 377.139038 1.231237 0.592408 1.11065 18.8554533772 -4.62795552918 66.2400050883 4.13708867493
trafficcone 0 0 -1.3081156251995636 277.186188 324.419647 287.455933 354.27478 0.701107 0.150536 0.302755 -18.2661892545 -5.46073877238 71.0073080759 -1.55990027025
trafficcone 0 0 4.611304771554502 1188.05249 324.548279 1196.134155 352.865326 0.659761 0.168544 0.32268 5.12880890256 -5.48821073267 70.8988259302 4.6835188087
pedestrian 0 1 2.9636776369475686 1241.264648 324.641052 1262.780761 405.21936 1.670245 0.33002 0.39936 5.77524572022 -3.65778829365 61.5019527604 3.05730653181
trafficcone 0 0 4.470967463759749 1668.537476 390.740936 1680.453003 427.320465 0.685968 0.139008 0.325968 14.1648237327 -2.97312827412 57.3355032319 4.71316917585
trafficcone 0 1 4.6130784784257965 1265.426025 406.03418 1273.850097 437.385926 0.550332 0.124167 0.34607 5.49672480045 -2.65105253248 54.7339263643 4.71316917585
trafficcone 0 0 -1.2638537673302344 144.851959 384.451904 155.746979 420.93219 0.706553 0.09591 0.309698 -17.968657675 -3.18258361467 58.9117551759 -1.55990027025
motorcyclist 0 0 4.4022586469224265 1858.506836 373.035706 1903.530274 458.770905 1.361406 0.218556 1.834862 17.2702890927 -2.31381259554 53.7459767181 4.71316917585
motorcyclist 0 0 4.443999191857447 1596.833252 298.291321 1624.675415 370.904633 1.551689 0.153304 1.815106 15.4856210024 -5.0126564396 69.2263358361 4.66407166242
car 0 0 -1.5632197154606031 987.704163 129.164108 1015.13263 155.487549 1.591234 1.888909 4.226842 0.6422695772 -28.186264646 193.486313858 -1.55990027025
trafficcone 0 0 4.488294712530096 1457.034912 626.697754 1476.752319 686.007996 0.647261 0.157149 0.318928 5.90068956187 1.26116432101 34.3577809359 4.65837789075
motorcyclist 0 1 4.326172669377701 1656.034058 316.754761 1689.501465 378.527436 1.218884 0.039805 1.861982 16.2902324109 -4.62524376626 66.1657663746 4.56757482191
trafficcone 0 0 4.338046015419797 1901.274536 539.111877 1916.177368 590.257446 0.654611 0.048176 0.344751 13.2925117686 0.156911763075 40.0669195417 4.65837789075
van 0 0 4.712314387249558 782.692139 438.355164 902.842102 575.064331 1.344572 1.750634 4.23521 -2.31112178649 -0.414663192055 42.8073822255 4.65837789075
cyclist 0 1 4.4115631995683655 1691.26001 299.355072 1719.911865 371.130432 1.508838 0.073925 1.89261 17.7008053698 -4.96723573038 68.6036105953 4.66407166242
car 0 1 -1.512776351235849 836.268677 218.445511 886.968811 265.746857 1.308778 1.552215 4.258781 -4.6474265118 -10.7285006349 98.5483800134 -1.55990027025
bus 0 0 4.671955969840335 1016.682251 146.790405 1098.502686 256.696686 3.371462 2.675179 10.630923 2.40212913277 -12.0060210935 105.263686873 4.69477212191
trafficcone 0 0 4.507734132565763 1562.916748 379.359955 1572.467651 414.756806 0.692217 0.117211 0.313382 12.4117839955 -3.34451342979 59.5647334704 4.71316917585
car 0 1 0 941.893456074 123.773448728 967.204484924 149.236040625 0 0 0 0.0 0.0 0.0 0.0
car 0 0 0 888.864336303 120.574170248 913.74593652 145.582073004 0 0 0 0.0 0.0 0.0 0.0
car 0 0 0 833.219964227 113.717417585 855.221866551 135.769840924 0 0 0 0.0 0.0 0.0 0.0
car 0 1 0 798.673700449 112.818197395 818.882106716 130.816309227 0 0 0 0.0 0.0 0.0 0.0
car 0 1 0 787.584977442 119.767666226 811.592564088 137.773356211 0 0 0 0.0 0.0 0.0 0.0
car 0 1 0 751.88548728 131.047059588 779.145785318 157.360088582 0 0 0 0.0 0.0 0.0 0.0
car 0 0 0 722.09223392 158.120366965 758.719970279 188.938186523 0 0 0 0.0 0.0 0.0 0.0
car 0 1 0 341.6854782 206.487022186 408.470219233 250.573681299 0 0 0 0.0 0.0 0.0 0.0
car 0 0 0 971.748710387 111.339235488 992.87659914 128.258723635 0 0 0 0.0 0.0 0.0 0.0
car 0 1 0 938.053254194 109.950442736 955.735609678 125.106747437 0 0 0 0.0 0.0 0.0 0.0
car 0 1 0 935.004209856 104.527151066 951.676145027 118.294127836 0 0 0 0.0 0.0 0.0 0.0
bus 0 1 0 964.825754985 86.3867064403 986.423489183 114.173265058 0 0 0 0.0 0.0 0.0 0.0
bus 0 2 0 889.587243483 71.6548704651 903.985732949 90.1455621998 0 0 0 0.0 0.0 0.0 0.0
trafficcone 0 1 0 1482.47093642 367.937022984 1493.01972449 401.03839245 0 0 0 0.0 0.0 0.0 0.0
trafficcone 0 0 0 1904.18029787 371.841016771 1916.00221554 392.211090289 0 0 0 0.0 0.0 0.0 0.0
trafficcone 0 0 0 1848.34447135 366.566622736 1859.98451336 387.11857191 0 0 0 0.0 0.0 0.0 0.0
