car 0 2 1.7059390985305865 721.016907 233.341522 770.83136 280.787201 1.219881 1.114323 4.203537 -8.34965778686 -9.73653459369 93.752782216 1.61711307909
trafficcone 0 1 -0.3081934862788804 1727.735352 538.088501 1745.582276 588.690369 0.64285 0.352821 0.11976 10.7644839665 0.133743204682 39.9482412396 -0.0449843082471
car 0 0 1.757899852685449 407.116089 296.266571 502.120697 365.026581 1.237425 1.565598 4.180387 -13.5233124709 -5.31380760448 69.6556229571 1.56614008877
trafficcone 0 0 -0.19924345791487189 1421.743652 587.670654 1445.447754 647.114868 0.690073 0.358245 0.225695 5.8431226619 0.852516489302 36.5919137955 -0.040896869553
trafficcone 0 1 -0.20284325412768073 1551.573242 427.387329 1564.810791 478.474365 0.865823 0.346686 0.146218 10.5570814596 -1.7697037071 51.5388839225 -0.000800881869823
trafficcone 0 1 0.29965404116711347 76.932907 409.511536 91.417091 451.839814 0.752463 0.360723 0.128699 -17.9307769502 -2.37088247084 54.5174148338 -0.018101207667
car 2 1 4.590054032120639 1054.348633 841.520142 1336.720703 1079.0 0.946395 1.732532 4.319322 1.52719915892 3.55327246739 22.3132329723 4.65839110827
van 0 1 1.7148811130630461 569.558411 231.712326 663.166016 332.590393 2.269145 1.83372 5.129027 -10.5089587626 -6.7867710011 77.6256630405 1.58031924975
trafficcone 0 0 -0.24917365930252858 1686.218872 426.378387 1699.228149 469.209686 0.714566 0.381641 0.115875 13.0844325276 -1.93836396649 51.5928688138 -0.000800881869796
pedestrian 0 1 1.3844064864794468 1496.42749 228.652695 1521.823974 283.401337 1.630576 0.687217 0.395447 16.5325054802 -8.95530646573 88.3901381817 1.56931017553
car 0 1 -0.19265159802215143 1409.973511 456.873688 1717.1521 562.691345 1.244057 1.904574 4.256168 8.64028455612 -0.370567104053 42.1164615741 0.00969305186589
pedestrian 0 0 3.112854116550164 728.954468 323.466736 763.949036 395.732208 1.459697 0.636088 0.731312 -5.48882736674 -3.89102434993 61.6769021089 3.02409470232
motorcyclist 0 2 3.465252877926559 254.97377 347.240234 353.593078 423.491394 1.413206 0.740433 1.781024 -14.2780492297 -3.08534815592 57.3846642233 3.22139172309
car 0 0 3.0867922201710956 856.181152 379.924683 1133.104004 496.912629 1.678771 1.900199 4.776848 0.001987733812 -1.51468412733 48.8747631926 3.08683289011
cyclist 0 1 -0.2769720445437186 1317.695801 585.743958 1434.179077 715.855774 1.338321 0.60629 1.222141 4.55491503353 1.49201410797 32.9173865095 -0.139471063974
car 0 0 -1.5390527420176099 950.625854 150.348053 988.526916 179.824249 1.457526 2.091638 4.139988 -1.3261322282 -22.27731671 162.068291381 -1.54723511145
pedestrian 0 0 1.3756322145170738 1519.668701 241.290955 1540.614502 290.549012 1.46474 0.545837 0.390779 17.211200421 -8.73913147261 88.4062529754 1.56791015017
car 0 1 -1.5287326002322938 689.102051 699.66864 895.032105 901.451721 0.78258 1.797472 4.241333 -1.86529482599 2.38489116736 26.8751604918 -1.59802737897
trafficcone 0 0 -0.21022037473849056 1452.587158 625.643921 1476.980957 687.419739 0.68008 0.301529 0.221871 5.87193437839 1.27910569788 34.3467365571 -0.040896869553
car 0 1 1.6725233380576707 692.756287 236.280533 767.096253 313.555695 1.860309 1.765982 4.194983 -7.82078576971 -7.69426658222 82.6658950577 1.57819693027
motorcyclist 0 0 4.526672025503029 1611.869019 308.884399 1643.952393 371.768188 1.298417 0.388476 1.903915 15.8198791219 -4.96684552641 68.7941973179 4.75270194664
trafficcone 0 0 -0.20631700515464135 1561.948975 379.399658 1573.895142 414.427612 0.681401 0.342652 0.162805 12.4244816332 -3.35522779336 59.6014713181 -0.000800881869852
trafficcone 0 0 -0.3651730525842903 1899.234009 537.078491 1917.657593 593.478699 0.728104 0.341459 0.099226 13.2842452013 0.201263032278 40.0611871364 -0.044984308247
car 0 0 1.7142516280938065 526.187988 285.295685 618.956299 371.545197 1.617461 1.641212 4.257386 -10.3694763986 -5.0858301978 68.5163951354 1.5640484981
trafficcone 0 1 0.23350154569011272 278.317871 324.835815 287.319824 356.605377 0.739928 0.382576 0.105537 -18.2608694222 -5.41066357408 71.0401804795 -0.0181012076671
trafficcone 0 0 -0.317031885727022 1905.246704 372.777832 1915.95581 393.538025 0.420143 0.332231 0.115602 21.2429706305 -4.05064148364 63.8443476611 0.00417614624788
trafficcone 0 0 -0.09186145516112748 1238.557861 379.836395 1250.493774 416.220581 0.706615 0.332579 0.215823 5.41497872689 -3.30128071331 59.3012233461 -0.000800881869799
pedestrian 0 1 2.3082472874833764 1589.438843 228.773392 1607.297974 273.060944 1.342186 0.265224 0.487933 19.8959656567 -9.51234236768 90.6714260731 2.52425315406
trafficcone 0 0 -0.28250575654330723 1800.624756 360.980377 1811.223023 380.936767 0.42241 0.307218 0.144375 19.5132403407 -4.48436667596 66.1908302768 0.00417614624785
van 0 0 -0.41152206473256886 179.519623 379.427246 434.445893 500.357788 1.550246 1.892451 3.962978 -12.3186769589 -1.61727975882 49.821966665 -0.653914524239
pedestrian 0 0 3.203928342016729 729.309448 333.229889 771.641113 411.826935 1.562262 0.502747 0.855332 -5.2277268884 -3.43075066127 59.7795373039 3.11670014394
trafficcone 1 0 -0.34928930411327824 1764.274658 977.469482 1803.314941 1078.647216 0.656767 0.355883 0.148891 6.16474170367 3.66715757265 21.5466793523 -0.0706229216607
car 0 1 1.6933172458626855 657.863281 293.357788 741.930359 376.466614 1.507354 1.50397 4.292174 -7.11514528881 -4.90606598096 67.5481641662 1.58836984709
trafficcone 0 0 -0.09614265266957654 1250.018311 388.802765 1262.869507 424.290497 0.655196 0.373521 0.220076 5.45864615872 -3.02264687096 57.0798747123 -0.000800881869866
trafficcone 0 0 -0.2990201906133085 1850.055664 365.728485 1861.411499 386.983826 0.440085 0.333706 0.141837 20.3401249648 -4.27142014939 65.017261927 0.00417614624793
trafficcone 0 0 -0.2430586843201974 1668.980835 391.979279 1680.344482 428.882752 0.68912 0.354394 0.119979 14.1755494141 -2.9456877369 57.3650987527 -0.000800881869833
car 0 1 1.7805271868150725 497.558044 235.206619 574.661438 307.645752 1.758599 1.421286 4.210235 -13.8288255444 -7.97687837758 83.9311098527 1.61723032002
trafficcone 0 0 0.28767445527484437 114.271103 396.7742 127.353783 435.034423 0.699823 0.40806 0.107394 -17.8995196693 -2.79564271975 56.7021914639 -0.018101207667
pedestrian 0 0 3.151433966973749 1029.824463 530.379578 1104.115845 670.37909 1.620049 0.555315 0.936392 0.954114363316 1.08238581597 35.3635836276 3.17840756121
car 0 1 1.829446211298401 353.743591 271.122986 440.986541 336.879913 1.3568 1.283332 4.265976 -16.5124158506 -6.56609340604 76.8161298339 1.61770802819
cyclist 0 0 1.8730240565923546 182.067932 202.400986 200.509979 243.205796 1.37383 0.107804 1.717603 -30.6871218288 -12.2218775537 105.776679951 1.59066299785
car 2 1 4.459923802641872 1354.190308 803.818726 1731.066529 1079.0 1.316159 1.944631 4.352884 4.35320529183 3.63258658461 22.6855868568 4.64951215569
car 2 1 -1.5238687914151101 588.371765 942.632263 900.81488 1079.0 0.867092 1.89901 4.960357 -1.60127787427 4.05913025186 19.4592051631 -1.60597276934
car 0 1 1.8205408187167738 428.318268 233.747696 504.66742 295.187958 1.552934 1.370293 4.218367 -16.8823038962 -8.80517665425 88.8306564548 1.63273020583
trafficcone 0 0 -0.07286196064121808 1186.430786 322.554962 1196.954346 354.495941 0.749225 0.320201 0.23898 5.11994117553 -5.45029889533 70.9269957914 -0.000800881869738
trafficcone 0 1 -0.23984146307878235 1537.255859 720.63562 1562.013794 794.183533 0.670496 0.399874 0.147567 5.97673875576 2.17335660494 29.6448312088 -0.040896869553
trafficcone 0 0 -0.08666665452503095 1224.768311 365.893738 1235.350831 400.862305 0.702402 0.394555 0.193688 5.32468953541 -3.77335915986 61.8593037137 -0.000800881869824
car 0 1 1.7682637236868648 470.064056 274.259064 546.481567 336.461151 1.254866 1.240904 4.243044 -13.3478169959 -6.53359743805 76.3237898403 1.59513051928
trafficcone 0 0 -0.1782230606087725 1482.091553 366.078369 1492.800415 401.524505 0.71286 0.389809 0.148825 11.0864501688 -3.7571211916 61.8292292174 -0.000800881869875
trafficcone 0 1 -0.10060490806460787 1263.352417 403.991211 1274.422119 440.806915 0.657497 0.32561 0.176697 5.48907474204 -2.58918838966 54.8157981674 -0.000800881869795
cyclist 0 0 -0.09698061203652475 914.147766 586.743103 1050.06604 743.890869 1.557086 0.711017 1.482081 -0.121000687126 1.72213988616 31.6353797366 -0.100805446702
trafficcone 0 0 -0.22343022502426474 1490.142456 667.671265 1514.923096 736.226807 0.698219 0.326317 0.194037 5.91562799091 1.72541305159 32.047741481 -0.040896869553
trafficcone 0 1 0.277582209303313 147.205307 326.440216 155.953857 356.163422 0.692185 0.375797 0.079948 -21.6890900392 -5.43336559634 71.2021401256 -0.018101207667
trafficcone 0 1 0.2677078361489789 174.642395 370.861694 187.374603 410.486358 0.805505 0.306454 0.154865 -18.0469193748 -3.53777352274 61.4145153595 -0.0181012076671
car 1 0 0.2923736364549423 0 463.996948 272.175903 588.739929 1.455386 2.057949 4.160321 -13.2526281654 -0.025421057045 41.7976223456 -0.0146660850709
trafficcone 0 0 -0.27867050350605116 1773.634399 401.307465 1786.438842 441.65152 0.727783 0.385053 0.112974 15.8555339534 -2.6130191235 55.5848497836 -0.000800881869825
car 0 1 1.8117407707387696 282.740753 283.268829 391.410644 366.805206 1.583621 1.627216 4.251036 -16.3889455405 -5.24957117199 69.3017041511 1.5795201894
trafficcone 0 0 0.2782547460517507 143.540283 383.95282 155.157348 421.36377 0.715156 0.395618 0.094939 -18.0004837551 -3.18162008198 58.9507203189 -0.018101207667
cyclist 0 1 0.18210046632389348 822.798096 566.114075 957.771057 710.329529 1.49625 0.684671 1.504057 -1.21429518246 1.43121080514 33.1971706542 0.145538493441
car 0 1 1.6936583913101 754.399963 197.771988 805.683654 247.612122 1.438018 1.315796 4.240517 -7.62683074724 -11.4325812605 99.4434412082 1.61711307909
cyclist 0 1 -0.17585708073713674 1235.877319 612.012024 1379.193481 763.567139 1.457969 0.734296 1.454617 3.50317601543 1.88942942374 30.88176226 -0.062901597217
pedestrian 0 0 4.565534791176182 1457.554199 181.464661 1475.326782 227.35849 1.768319 0.618758 0.422823 19.5868669057 -13.7594891895 114.116967153 4.73551700904
trafficcone 0 0 -0.3012304889092578 1840.677856 427.164337 1855.075561 468.693756 0.695212 0.34563 0.125136 15.9621213784 -1.94230731057 51.5227865812 -0.000800881869839
trafficcone 0 1 -0.12162841616510743 1322.543701 325.054596 1332.658569 357.284393 0.752926 0.371339 0.20065 8.63276907428 -5.39793588102 71.0990040787 -0.000800881869853
car 0 2 0 681.271901566 276.636391662 742.871003884 331.63559016 0 0 0 0.0 0.0 0.0 0.0
car 0 1 0 741.090077456 209.642129874 791.37505894 258.879507576 0 0 0 0.0 0.0 0.0 0.0
motorcyclist 0 0 0 746.673805608 159.512193749 765.006871774 198.535434588 0 0 0 0.0 0.0 0.0 0.0
trafficcone 0 0 0 1761.58051785 354.739222604 1772.67493289 375.65492309 0 0 0 0.0 0.0 0.0 0.0
trafficcone 0 0 0 1735.39042332 347.464196347 1746.48483836 368.016145521 0 0 0 0.0 0.0 0.0 0.0
car 0 0 0 972.79343761 108.139144834 996.146271892 131.055477541 0 0 0 0.0 0.0 0.0 0.0
car 0 1 0 964.148281408 106.259763051 981.426468767 122.931698222 0 0 0 0.0 0.0 0.0 0.0
car 0 0 0 916.478671864 96.3232896895 933.302170082 111.176468296 0 0 0 0.0 0.0 0.0 0.0
car 0 0 0 936.788120163 96.9295418775 953.460055334 112.99522486 0 0 0 0.0 0.0 0.0 0.0
