cyclist 0 1 4.550872754685351 1401.246826 195.588974 1416.845581 233.800659 1.341268 0.328813 1.609251 16.555766377 -13.0258974233 109.724356968 4.70062817577
car 0 1 -1.5545512724625252 830.326538 356.176025 930.347961 454.402526 1.337881 1.899846 4.207873 -2.18957345169 -2.61503279637 54.9540696545 -1.59437390805
pedestrian 0 1 4.556030883454996 1469.283447 329.47641 1499.097778 401.277527 1.483131 0.54913 0.457147 11.0036841623 -3.76753012303 61.8476746315 4.73210438799
trafficcone 2 0 4.424344204269648 1768.681641 979.380066 1802.162232 1079.0 0.714172 0.127092 0.333787 6.15468501313 3.7211017513 21.4718057774 4.70349978716
motorcyclist 0 1 4.518015182924207 1566.899292 270.474731 1592.4552 326.073333 1.332268 0.357448 1.554734 16.3069600231 -6.70369539805 76.7157068684 4.72746134236
car 0 0 1.6557251318908304 648.434143 296.789185 731.434692 383.10492 1.552939 1.609221 4.152442 -7.24840786935 -4.68433476508 66.5390177655 1.54721829161
car 0 1 -1.54395009344288 950.206665 227.738419 1012.821899 289.702881 1.62119 1.942983 4.236428 -0.332613605516 -9.17008797905 90.8715928975 -1.54761033653
cyclist 0 1 4.509648350052724 1518.531372 251.185333 1539.830444 301.735534 1.358266 0.315356 1.459621 16.4987565714 -8.11377176093 84.9048829671 4.70157690444
car 0 1 1.6384123854180566 757.400208 136.347946 785.296143 160.665634 1.393087 1.578525 4.26934 -14.9510706748 -26.8839641389 186.78316692 1.55853762178
car 0 0 1.6981758369566535 601.747314 240.811676 665.889038 298.579376 1.399629 1.451857 4.24171 -11.2909593301 -8.54445887454 87.1652744763 1.5693580701
trafficcone 0 0 -1.2657328446813692 177.489365 369.665131 187.404114 407.502442 0.764805 0.073724 0.341093 -18.0300122145 -3.60541844402 61.4617057794 -1.55108091919
trafficcone 0 0 -1.2994575307016765 278.347961 323.174866 287.094116 356.582794 0.777673 0.078749 0.398281 -18.234519703 -5.40361829523 70.9316018509 -1.55108091919
car 0 0 -1.525243557398851 696.389282 665.892944 890.062744 875.929382 1.001673 1.743565 4.197108 -1.94059317051 2.29309837464 28.0267754827 -1.59437390805
trafficcone 0 0 4.520702354721864 1492.455688 668.196289 1514.100219 736.527466 0.6987 0.168903 0.313773 5.91420785904 1.72792841509 31.9927164361 4.70349978716
cyclist 0 1 4.509524171965695 1593.694702 273.910797 1614.913452 334.529053 1.479416 0.221539 1.558876 17.1773263101 -6.5532827522 77.5655886678 4.72746235924
trafficcone 0 1 4.631858094573785 1265.361694 401.382629 1274.869629 437.92276 0.652302 0.15212 0.320096 5.50424165334 -2.63861452626 54.7231338072 4.73210438799
trafficcone 0 0 4.490041147166842 1669.162231 389.173615 1679.114746 428.20282 0.737338 0.106498 0.304329 14.152478099 -2.95339191105 57.3196184336 4.73210438799
trafficcone 0 0 4.533443740114256 1456.415771 626.310364 1477.245361 686.384583 0.652176 0.178823 0.345777 5.90077033978 1.26355818668 34.3638400335 4.70349978716
motorcyclist 0 1 4.502608767047036 1610.711182 280.199127 1638.267701 344.946808 1.518031 0.349323 1.585979 17.0711514979 -6.04480516277 74.6376988248 4.72746134236
car 0 1 1.887326385159302 88.722 269.03595 195.509689 333.41037 1.358394 1.584449 4.276972 -24.0676464667 -6.78121273411 78.324960923 1.58920470029
trafficcone 0 0 4.483732590361986 1687.59082 427.106567 1697.847778 469.898986 0.720704 0.08347 0.329655 13.0754263857 -1.92097624265 51.5575689429 4.73210438799
cyclist 0 0 2.891137249008793 1700.143921 551.116211 1816.302979 698.174744 1.605292 0.718053 1.160455 9.39443238322 1.34540357878 34.0106992417 3.16063724915
motorcyclist 0 1 3.0427522294588174 1271.949829 348.365417 1363.732544 432.013153 1.564652 0.852261 1.795289 6.77282226604 -2.92932705716 57.6103058858 3.15977775163
trafficcone 0 0 4.6409732831695605 1240.13501 379.692139 1249.286988 415.221253 0.688361 0.162603 0.330653 5.40886443512 -3.31505556131 59.1881644467 4.73210438799
trafficcone 0 0 -1.245061892257739 115.046974 396.37616 125.097992 434.478974 0.707286 0.057924 0.322695 -17.8957929177 -2.79763734607 56.6423633672 -1.55108091919
car 0 1 4.521242137735793 1332.88501 755.467224 1613.312256 1011.41626 0.929509 1.606126 4.314345 4.11691577065 2.93366894896 24.3380547414 4.68881139913
trafficcone 0 1 4.439896473509296 1730.894897 538.963257 1744.609985 586.609253 0.606169 0.077976 0.336311 10.7928252995 0.1073078893 39.9906716898 4.70349978716
car 0 1 -1.533932128657674 1013.102783 183.307556 1053.143554 219.605408 1.332481 1.669684 4.278453 1.87138898322 -15.6311792604 125.893619598 -1.51906837964
car 0 0 -1.4878574606919455 885.696411 175.119125 926.077209 210.003769 1.340188 1.554953 4.288528 -4.0787591081 -16.6415773489 130.641287019 -1.51906837964
car 0 0 4.681218905839036 969.50177 341.563232 1060.336182 423.263336 1.173522 1.809079 4.205519 0.44870539613 -3.40157374483 59.0974212178 4.68881139913
van 0 1 4.705570367801062 911.501221 279.99176 981.715699 356.582092 1.448709 1.75479 4.622097 -1.20041528369 -5.68529613275 71.6215252271 4.68881139913
trafficcone 0 0 4.53029109910079 1551.450806 425.557709 1563.346314 468.822266 0.728068 0.136634 0.322905 10.5204182366 -1.93447702718 51.4198131267 4.73210438799
motorcyclist 0 0 4.515414801256761 1573.067749 288.03714 1601.661499 352.754303 1.478444 0.368423 1.707872 15.8378226943 -5.76976200513 73.5682190706 4.72745930861
motorcyclist 0 0 3.689853608208696 1742.598511 314.580383 1806.019532 385.635345 1.482601 0.773867 1.162707 18.7716982356 -4.45032119414 66.3534043597 3.96555391791
pedestrian 0 1 3.065893627832562 1242.705078 319.975159 1262.886841 407.61908 1.80934 0.49185 0.384925 5.80011703101 -3.62027985611 61.5979101562 3.15977775163
bus 0 1 4.675872080548007 997.698975 115.371399 1053.028199 197.690201 3.682663 2.533889 10.627868 1.69176060619 -19.3788572308 146.101977911 4.68745087658
trafficcone 0 0 4.544709545540069 1426.218994 587.267456 1443.436523 645.981934 0.688453 0.155195 0.326448 5.85741466425 0.842051121068 36.5771937161 4.70349978716
trafficcone 0 0 4.646001266389572 1226.51355 366.430756 1234.906983 400.632141 0.686635 0.152775 0.392123 5.33943302712 -3.77789237091 61.8587495139 4.73210438799
car 0 0 -1.5397803924731646 776.50354 440.51828 899.685974 566.003845 1.212825 1.785218 4.280863 -2.37715902862 -0.544395722378 43.4996146469 -1.59437390805
car 0 1 -1.5425429019354597 948.00769 196.008789 996.582336 242.264603 1.515771 1.841859 4.202926 -0.79355073243 -13.0166333576 111.635403783 -1.5496511968
car 0 1 4.711358906295539 1025.282227 207.208801 1082.207764 256.551941 1.487249 2.102242 4.277679 2.31220781797 -11.6644260589 104.25287609 4.73353411038
car 2 1 -1.3776269179559921 196.148224 850.509033 533.56604 1079.0 1.158697 1.74625 4.250068 -4.8056549204 3.77175987218 21.8234301465 -1.59437390805
trafficcone 0 1 4.5035179896046325 1541.970459 721.208008 1563.21936 793.231323 0.6718 0.134858 0.335504 6.00919844096 2.17265219729 29.6470781436 4.70349978716
bus 0 0 1.7010858633564392 603.687134 121.419037 678.284241 202.113281 3.45635 2.43756 9.684489 -17.7268807639 -18.3461660314 139.982051233 1.57511956412
trafficcone 0 0 4.454044487980671 1775.335571 401.696411 1785.796631 440.352539 0.70272 0.090077 0.324407 15.853374897 -2.63140831265 55.5372175464 4.73210438799
pedestrian 0 1 3.0576039672016173 1261.723999 334.13327 1290.370361 429.506805 1.871838 0.664709 0.525499 6.0650240618 -3.04445571537 59.1531786294 3.15977775163
pedestrian 0 0 4.391298695236394 1845.69873 396.340546 1882.574829 503.164856 1.688544 0.377641 0.502562 14.9679642559 -1.24310114374 47.5110142973 4.69649771453
trafficcone 0 1 -1.2332914903725685 78.775032 410.180023 89.483818 450.678345 0.720331 0.050526 0.339385 -17.9111671534 -2.38804331956 54.4515215423 -1.55108091919
trafficcone 0 0 4.382988270754851 1901.554932 536.086182 1917.281372 592.613587 0.720275 0.052432 0.398424 13.2955475535 0.1843729298 40.0519942616 4.70349978716
car 0 1 -1.519884463023436 867.832825 160.988464 904.045777 193.300521 1.39162 1.661136 4.257333 -5.53241693243 -19.122015248 143.804346643 -1.55833733323
cyclist 0 1 4.515316928681447 1576.254028 249.810944 1598.734497 307.251496 1.470875 0.295185 1.557009 17.4135873766 -7.58078841878 80.8481396262 4.72746235924
cyclist 0 0 4.4995093590873605 1617.56604 296.567261 1649.915283 373.308563 1.662958 0.38897 1.642651 16.0202757926 -4.93441651277 69.0608360183 4.72745117362
trafficcone 0 0 4.52629641960376 1563.784058 378.376343 1573.782837 414.910065 0.708139 0.119663 0.377177 12.4348211634 -3.34528751509 59.564051764 4.73210438799
trafficcone 0 1 -1.2555789341868726 147.960953 325.611267 156.192124 357.289978 0.739918 0.051242 0.372187 -21.6489343203 -5.39897836839 71.1168602058 -1.55107990232
car 0 0 4.698909077921897 1055.393066 245.460327 1122.532104 309.644256 1.52678 1.990718 4.237296 2.93021071235 -7.98134801682 84.5931225923 4.73353411038
motorcyclist 0 0 1.7664976368506824 280.845459 223.192657 302.311523 267.218566 1.364858 0.357821 1.698458 -24.9191038979 -10.5442950399 98.1993770028 1.51798300606
trafficcone 0 1 4.431802366716013 1841.777222 426.081818 1853.213013 467.987549 0.702798 0.077875 0.339351 15.9485970939 -1.95349494587 51.5023773782 4.73210438799
trafficcone 0 0 4.659585542598236 1189.161133 323.285522 1196.729614 352.764953 0.680228 0.165643 0.394591 5.13953813549 -5.48236765022 70.7474776583 4.73210438799
car 0 0 4.6498223031880475 1009.593323 665.389038 1205.484741 856.469788 0.863784 1.76276 4.265657 1.12345988917 2.18406840823 28.8001177934 4.68881139913
motorcyclist 0 0 4.626728344725494 1339.078979 238.973892 1367.715576 295.179535 1.581105 0.738773 1.655813 11.5611853121 -8.66176024076 88.5004476324 4.75662695979
bus 0 1 1.6770494355023688 724.803406 157.397583 814.895752 267.63028 3.300439 2.335205 8.41588 -8.01165419793 -11.0318232466 100.496272001 1.59749677169
motorcyclist 0 1 4.485690589667386 1658.237305 303.74295 1689.567139 369.502319 1.411665 0.35256 1.638576 17.1379377636 -5.05514570877 69.4997273542 4.72745727486
trafficcone 0 1 4.611304663233244 1323.957031 324.788849 1331.015136 353.658844 0.672225 0.132924 0.348125 8.61588445354 -5.47576069594 70.9764391777 4.73210438799
trafficcone 0 0 4.636625809906537 1252.168335 391.50647 1261.456421 426.237183 0.647497 0.158171 0.315144 5.46451875234 -2.97935142739 57.0589091394 4.73210438799
car 0 0 4.6394736440369835 1086.834717 332.383789 1173.820923 411.876617 1.205171 1.619452 4.178825 3.02362974231 -3.74475702676 61.2345647072 4.68881139913
trafficcone 0 0 -1.2545912603905491 144.089813 385.014404 153.900253 420.469299 0.682923 0.064309 0.331585 -17.9954821665 -3.19305419451 58.9061405818 -1.55108091919
motorcyclist 0 1 4.533451874645752 1451.60376 216.305481 1470.98999 269.798706 1.645322 0.327665 1.682064 16.2887555841 -10.2206828074 95.9702004203 4.70157690444
cyclist 0 0 4.479797593235528 1676.620728 324.579529 1706.299683 405.89975 1.571127 0.197023 1.736491 15.8680783522 -3.80201530146 62.7613261065 4.72743998799
car 0 0 4.612869812546267 1141.042603 452.979309 1270.680787 567.05365 1.039625 1.605402 4.173674 3.2913711526 -0.518524227577 43.2574774539 4.68881139913
pedestrian 0 1 4.382104089077728 1878.108765 404.919983 1905.707764 503.006104 1.550258 0.23843 0.437122 15.4093587741 -1.23712342777 47.3873386446 4.69649771453
cyclist 0 1 0 1688.6012412 320.742094752 1717.64081801 390.889643921 0 0 0 0.0 0.0 0.0 0.0
trafficcone 0 0 0 1847.72184921 367.723660396 1860.3803949 387.802732863 0 0 0 0.0 0.0 0.0 0.0
trafficcone 0 0 0 1798.3971712 360.73963519 1809.74621216 381.47346002 0 0 0 0.0 0.0 0.0 0.0
trafficcone 0 0 0 1905.49021371 371.513658074 1916.58462875 393.338736843 0 0 0 0.0 0.0 0.0 0.0
trafficcone 0 1 0 1481.99629964 367.61187433 1494.25326388 403.125642503 0 0 0 0.0 0.0 0.0 0.0
car 0 1 0 715.817115445 153.045834408 749.645987537 184.874074279 0 0 0 0.0 0.0 0.0 0.0
car 0 1 0 790.204258916 137.980467535 822.790314022 168.444639983 0 0 0 0.0 0.0 0.0 0.0
car 0 1 0 772.319819369 123.733541117 799.146478689 147.983628638 0 0 0 0.0 0.0 0.0 0.0
car 0 1 0 706.764557774 109.15196349 726.922443026 125.520772567 0 0 0 0.0 0.0 0.0 0.0
car 0 0 0 853.664797951 96.6153957446 871.852363592 114.348272244 0 0 0 0.0 0.0 0.0 0.0
car 0 0 0 899.2852751 109.801380834 920.504101681 130.717081321 0 0 0 0.0 0.0 0.0 0.0
car 0 1 0 976.27930298 112.52951568 998.55907089 133.142090073 0 0 0 0.0 0.0 0.0 0.0
car 0 0 0 934.216691971 152.696186946 971.144725248 187.529012661 0 0 0 0.0 0.0 0.0 0.0
car 0 0 0 935.227920621 120.867947074 957.416750703 139.783015341 0 0 0 0.0 0.0 0.0 0.0
car 0 1 0 939.229185062 140.32864231 969.602419682 166.336861176 0 0 0 0.0 0.0 0.0 0.0
car 0 1 0 940.86606597 111.046661628 961.781766457 130.507356864 0 0 0 0.0 0.0 0.0 0.0
car 0 1 0 937.882799994 104.815736363 955.354651246 119.656284715 0 0 0 0.0 0.0 0.0 0.0
car 0 1 0 967.5638967 104.710484247 984.82524372 118.49851144 0 0 0 0.0 0.0 0.0 0.0
bus 0 1 0 959.721408996 82.5562290985 985.729627862 111.656334124 0 0 0 0.0 0.0 0.0 0.0
