trafficcone 0 1 2.856501268334298 1730.598267 538.917603 1744.900757 590.307435 0.671087 0.264787 0.099955 10.7940355699 0.164654418508 40.0007463471 3.1200694252
car 0 0 4.656427159384178 993.113953 547.050415 1154.75708 699.009888 0.999839 1.807807 4.279056 0.974103857892 0.999920172798 35.1369312256 4.68414313752
car 0 1 4.702779142363577 1033.517944 231.882294 1085.22998 276.910401 1.153805 1.728272 4.280596 2.27519604132 -9.95523155906 94.6537337058 4.72681155944
car 0 1 1.6105393353066861 742.205994 135.134506 769.497376 164.955383 1.650017 1.558176 4.213115 -15.2212238406 -25.3249904269 177.73012049 1.52510546063
motorcyclist 0 1 4.207030229243087 1810.527222 354.167267 1854.950074 439.526764 1.482579 0.067493 1.534814 17.139132074 -2.76818448991 56.4024323728 4.50203571791
cyclist 0 0 4.329864924950919 1653.328735 284.527832 1681.331421 344.076996 1.326816 0.060383 1.626712 17.5804717844 -5.85472700834 71.973386855 4.56943728992
trafficcone 0 0 -0.9210239484543026 1776.247803 402.85733 1788.419068 441.621826 0.718628 0.229104 0.028738 15.833940995 -2.58967099484 55.3462818475 -0.642378247733
trafficcone 0 0 3.038572813811309 1250.981812 391.484131 1262.520386 429.091187 0.71692 0.212916 0.205948 5.46560289546 -2.91841536633 57.0889151331 3.13402033043
car 0 0 -1.5479148619867713 772.80481 502.98288 920.821351 656.237671 1.225528 1.886321 4.193416 -1.92507569149 0.58975592436 37.6197789981 -1.59904216966
cyclist 0 1 4.493289782133179 1541.396484 253.237091 1562.989135 305.315155 1.318974 0.249073 1.540656 16.3423416091 -7.61496729773 80.6463481396 4.69322448265
trafficcone 0 0 3.0423390162014465 1241.296387 380.388916 1251.180664 415.153595 0.692715 0.169433 0.185478 5.44916843215 -3.31098590515 59.2693540709 3.13402033043
car 2 0 4.433643110625474 1407.960938 970.251892 1848.843384 1079.0 0.79072 1.890077 4.26029 4.32238686083 4.10108638791 19.5425679953 4.6513167913
trafficcone 0 0 2.9365721487433514 1495.095215 667.244446 1515.47583 735.068238 0.721616 0.18822 0.175332 5.94037527169 1.72726746443 32.0089319629 3.1200694252
motorcyclist 0 1 4.073677552895928 1758.576172 313.758545 1808.987671 380.731995 1.371511 0.247582 1.519688 18.9289972975 -4.55251354818 66.1120878648 4.35253410682
motorcyclist 0 1 3.016016093458041 1275.221313 347.970398 1365.622802 424.93689 1.449633 0.654526 1.773944 6.82384590149 -3.05573310542 57.5584624316 3.13402033043
motorcyclist 0 2 4.275880374707767 1739.479736 336.126495 1773.707275 394.742065 1.095682 0.081048 1.481909 17.1761916084 -3.98311449458 62.1023841862 4.54571362129
car 0 0 4.611380750189972 1107.051758 330.066956 1202.659424 422.247254 1.404097 1.63014 4.276238 3.47102977008 -3.45876967456 59.6864989988 4.66946967857
car 0 0 4.663226414974556 966.545715 305.716431 1055.514282 394.099823 1.493851 1.849459 4.255437 0.399407040098 -4.28689043947 63.9732480479 4.66946967857
car 0 0 1.6643557424927204 648.057922 297.781738 730.736999 376.461975 1.3727 1.562202 4.268406 -7.26696309902 -4.84042319539 66.5756934991 1.55563277413
trafficcone 0 1 3.0334584933550337 1265.747559 404.661621 1276.285645 443.578827 0.704518 0.261605 0.169494 5.52354107398 -2.52923065295 54.7415341234 3.13402033043
trafficcone 0 1 2.91984143165855 1541.389648 721.376221 1565.22644 792.602906 0.673222 0.286448 0.168773 6.00250007255 2.1669079885 29.5766283215 3.1200694252
trafficcone 0 0 2.891904988204304 1668.567383 390.140686 1680.021485 428.984375 0.741252 0.243869 0.145202 14.1640152935 -2.93592501675 57.3535051615 3.13402033043
cyclist 0 0 4.529156398813301 1454.5177 212.317459 1478.53833 257.648926 1.432358 0.537056 1.545232 16.9501116122 -10.9199403424 98.7445505235 4.69915576788
cyclist 1 0 2.3025804152883054 1863.758667 545.983337 1919.0 672.946045 1.311346 0.56808 1.647867 11.9659684865 1.03276562119 35.3235883406 2.62920063634
trafficcone 0 1 3.4166487013546116 79.727531 409.287323 91.078056 450.292206 0.743392 0.231856 0.111648 -17.8853975955 -2.3882243272 54.4514665877 3.09928608332
trafficcone 0 0 3.402579543787335 144.855408 383.804535 156.008591 421.370575 0.741807 0.194587 0.14249 -17.9595575907 -3.1657746222 58.8942228736 3.10659133575
car 2 1 -1.4304061587679138 218.396164 846.354736 535.422714 1079.0 0.976221 1.80885 4.214221 -4.71660933394 3.56469703228 21.7969177782 -1.64350939821
bus 0 0 1.6299891730793166 673.288208 105.892899 728.064636 165.016556 3.163281 2.732107 11.169404 -18.4125021876 -25.067823121 174.907390719 1.52510546063
trafficcone 0 0 3.3582058205073517 277.800232 323.837128 287.661743 357.473938 0.798373 0.245901 0.159969 -18.2463466142 -5.37783795519 70.9802289686 3.10659133575
car 0 0 4.7022337806587915 876.404358 221.132751 928.390808 271.70935 1.401039 1.791804 4.234723 -3.2149138453 -10.4842253174 98.087942883 4.66946967857
trafficcone 0 0 2.8336410460415498 1841.227295 428.150421 1854.340454 471.62793 0.741647 0.262931 0.122522 15.9658348202 -1.88512552148 51.5439487296 3.13402033043
car 0 1 1.795515637166809 287.179291 223.379089 354.674988 273.377014 1.396882 1.387353 4.261884 -24.0445566227 -10.522421068 98.9938054433 1.55724031737
car 0 0 -1.5399578848420314 933.029114 132.024139 961.272217 156.988647 1.482038 1.826075 4.38348 -3.13948358752 -27.8926638703 192.122494227 -1.55629748214
trafficcone 0 2 2.7994410844520865 1901.676636 538.573975 1917.675659 589.810975 0.679878 0.2099 0.120018 13.3053156169 0.16316026645 40.065765367 3.1200694252
trafficcone 0 0 2.9498622541621504 1457.4552 626.176392 1477.176025 688.90271 0.722097 0.155395 0.194546 5.89094019811 1.31041653955 34.2755372586 3.1200694252
motorcyclist 0 0 4.403713791875684 1580.270142 284.301788 1608.635132 351.690124 1.541076 0.186817 1.668535 15.9407418762 -5.76470994127 73.179625093 4.61819365115
cyclist 0 0 4.2998065162765275 1732.069214 352.788086 1770.734619 447.513886 1.638012 0.080393 1.519971 15.26503125 -2.58072760194 55.6333209036 4.56760225572
trafficcone 0 0 3.0480156268319956 1225.101563 364.549194 1235.823731 402.067016 0.765349 0.318116 0.200288 5.33138013044 -3.74177863471 61.8364851504 3.13402033043
pedestrian 0 1 3.039975397814981 1242.073608 323.202484 1264.285156 402.090454 1.630216 0.398556 0.429572 5.80132266194 -3.72657456141 61.5047428922 3.13402033043
trafficcone 0 1 3.402246236830418 146.630463 325.779877 156.47107 359.353302 0.795722 0.279058 0.133138 -21.6770340001 -5.34781474152 71.1698424964 3.10659133575
van 0 0 -1.5572644161456115 822.558594 377.893494 927.343445 494.483002 1.445192 1.808672 4.27057 -2.10014778907 -1.75584087265 50.240274256 -1.59904216966
car 0 0 4.681953092858675 937.909546 187.796982 978.640564 228.251785 1.385884 1.605069 4.287608 -1.47161358422 -14.3019511397 117.87938029 4.66946967857
trafficcone 0 1 3.0613416963997535 1189.144287 321.074371 1197.62793 349.984527 0.680311 0.262841 0.189329 5.15903854676 -5.55214416051 70.8592250225 3.13402033043
trafficcone 0 1 3.0128633488554906 1324.07251 323.918732 1333.009278 358.104615 0.801603 0.359417 0.168121 8.65170681807 -5.37426661712 71.0593180758 3.13402033043
car 0 1 4.671913222918968 954.745361 248.990662 1017.98529 308.624939 1.36531 1.741688 4.207378 -0.20405326797 -7.91316666551 83.5069197753 4.66946967857
cyclist 0 0 4.288423038695539 1691.963135 327.014221 1727.026978 409.587982 1.569272 0.063333 1.534263 15.8069162314 -3.60551166037 60.9518935537 4.54216744167
trafficcone 0 0 3.3916979133077327 177.232025 370.277008 189.258407 404.535828 0.707827 0.163523 0.185281 -17.9945421668 -3.65386506498 61.3956817986 3.10659133575
car 0 1 4.704184318237562 943.742371 165.535034 979.212281 195.860275 1.241971 1.753711 4.279128 -1.57699988749 -18.4428585409 139.570785126 4.69288587364
motorcyclist 0 0 4.508332024526655 1430.498535 280.972076 1463.712768 349.145507 1.553416 0.46104 1.909018 12.1406943803 -5.89100293593 73.8110095696 4.67135580637
car 0 2 4.564406591548975 1187.46875 194.204559 1245.553345 236.993652 1.380875 1.729728 4.234903 9.05098504759 -13.2385410017 111.783261083 4.64519939558
car 0 1 -1.570365406037716 850.716248 198.24826 894.446473 241.378433 1.365657 1.701602 4.331363 -4.79379329953 -12.927986198 110.513620005 -1.61371562861
pedestrian 0 1 3.031042566704974 1266.00415 335.436096 1290.112426 406.759826 1.414451 0.401484 0.449652 6.12644761918 -3.49787738551 59.2824728911 3.13402033043
motorcyclist 0 0 4.284442055595353 1632.015137 314.375122 1665.977661 378.324158 1.309111 0.152706 1.468058 15.7309294895 -4.61140576764 66.2110390225 4.5177048864
car 0 0 4.5826585711835985 1195.325439 547.660278 1362.601196 692.576294 0.942136 1.581762 4.233466 3.60582227143 0.943487178045 35.4086829619 4.68414313752
cyclist 0 1 4.063069158805951 1681.992676 306.79892 1724.696167 368.170899 1.284148 0.105154 1.451145 17.2827948418 -4.90513727908 67.1796635366 4.31487116339
motorcyclist 0 2 4.169418241293257 1629.128784 298.624603 1665.786011 355.371551 1.227396 0.254686 1.21985 16.3282921397 -5.32062169938 68.8713227914 4.40220426461
car 0 1 4.63336454536897 1056.23999 270.623291 1130.274902 341.796936 1.446325 1.674583 4.271165 2.71039696022 -6.29884113652 75.0369511827 4.66946967857
pedestrian 0 1 2.9664058853276902 1466.569336 329.788666 1499.643311 388.349915 1.185541 0.590998 0.601042 10.9806097901 -4.04963636244 61.8314171439 3.14216298486
trafficcone 0 0 2.9606801394328035 1428.463257 586.009521 1444.616089 645.218261 0.717567 0.20835 0.157236 5.87785284424 0.844030404612 36.5645206365 3.1200694252
trafficcone 0 0 2.928361070786595 1562.574463 378.510529 1574.205933 416.4422 0.755663 0.222948 0.176721 12.4347601963 -3.30677565438 59.6080694947 3.13402033043
trafficcone 2 0 2.8409153085796652 1768.07666 977.780823 1802.568237 1079.0 0.695866 0.244734 0.159697 6.16424428795 3.68259772549 21.5052741971 3.1200694252
trafficcone 0 0 2.8851473638944656 1688.00647 428.165527 1700.379151 470.40158 0.721084 0.252916 0.134144 13.1039606896 -1.90681142073 51.5616212521 3.13402033043
trafficcone 0 0 3.4125048820433577 115.382477 403.511627 125.650063 436.542785 0.626888 0.166938 0.126304 -17.8931092668 -2.74799278158 56.6546713379 3.10659133575
bus 0 1 4.6522650466635795 1009.561707 135.357941 1080.604737 234.761444 3.487726 2.428638 9.283445 2.1561063554 -14.015241296 116.251742158 4.67080979397
bus 0 1 1.5995015129440826 755.690796 142.406723 829.489807 230.867645 3.116248 2.830198 8.510724 -8.41305654782 -14.2616691668 117.259610454 1.52787697779
car 0 1 -1.5074110176714892 666.80249 760.327942 890.738281 1012.244751 0.917939 1.681629 4.287135 -1.800841914 2.97067456336 24.4915200942 -1.58080813436
trafficcone 0 0 2.9319958003416957 1552.2948 428.320221 1563.667725 469.875427 0.707458 0.252651 0.134288 10.5396864397 -1.91233727142 51.4586330442 3.13402033043
car 0 0 0 891.440890863 116.709323509 914.554255532 140.959411031 0 0 0 0.0 0.0 0.0 0.0
car 0 1 0 942.689409158 119.538498845 965.676471287 144.041191444 0 0 0 0.0 0.0 0.0 0.0
car 0 0 0 983.69058144 122.579863988 1010.31936678 147.945623939 0 0 0 0.0 0.0 0.0 0.0
car 0 1 0 971.388012444 108.633256941 990.8596539 126.087566174 0 0 0 0.0 0.0 0.0 0.0
car 0 1 0 937.041440278 108.692899806 955.250056342 123.954456623 0 0 0 0.0 0.0 0.0 0.0
car 0 1 0 933.816866285 101.379982788 949.91166902 116.854967507 0 0 0 0.0 0.0 0.0 0.0
car 0 1 0 778.883764729 122.81272747 805.028390337 144.28415913 0 0 0 0.0 0.0 0.0 0.0
car 0 1 0 792.854228923 115.329302025 813.74326554 135.316678849 0 0 0 0.0 0.0 0.0 0.0
car 0 0 0 822.861607188 119.497285817 847.953711636 143.873675877 0 0 0 0.0 0.0 0.0 0.0
car 0 0 0 695.751815495 173.554813061 736.710213318 211.137598701 0 0 0 0.0 0.0 0.0 0.0
motorcyclist 0 0 0 420.72312287 181.411458752 436.655430371 218.950594234 0 0 0 0.0 0.0 0.0 0.0
trafficcone 0 1 0 1482.30528145 370.063042335 1492.80314434 402.77883541 0 0 0 0.0 0.0 0.0 0.0
motorcyclist 0 2 0 1098.39481966 163.644415523 1114.76362874 197.909789191 0 0 0 0.0 0.0 0.0 0.0
motorcyclist 0 1 0 1248.69907372 215.615340692 1270.96065407 263.962255181 0 0 0 0.0 0.0 0.0 0.0
pedestrian 0 0 0 1391.52555994 163.698857668 1401.34684538 196.982102791 0 0 0 0.0 0.0 0.0 0.0
trafficcone 0 0 0 1904.9390383 372.005932256 1916.65991393 392.754913391 0 0 0 0.0 0.0 0.0 0.0
trafficcone 0 1 0 1849.24467063 367.289290233 1861.67284048 388.356553767 0 0 0 0.0 0.0 0.0 0.0
bus 0 2 0 890.612678245 71.2281374062 905.768982946 90.5625301026 0 0 0 0.0 0.0 0.0 0.0
bus 0 1 0 963.72561768 84.266155575 986.672262997 115.563924782 0 0 0 0.0 0.0 0.0 0.0
car 0 0 0 864.071032532 90.9092039541 879.879900351 107.496937432 0 0 0 0.0 0.0 0.0 0.0
cyclist 0 1 0 1646.33477081 286.512950287 1676.5057597 360.809010429 0 0 0 0.0 0.0 0.0 0.0
