van 0 1 -1.5452073447439985 936.560608 231.381622 988.062012 293.238372 1.548756 1.542751 4.684116 -0.951261561232 -8.94211069907 89.4464963497 -1.55584192227
trafficcone 0 0 4.454721958703764 1669.678223 390.533325 1680.068238 428.460968 0.71503 0.106056 0.307673 14.1752517199 -2.95015149769 57.3481334977 4.69704376352
car 0 1 4.706561592331109 954.016968 267.566498 1025.570557 329.365418 1.306834 1.987962 4.2137 -0.084996745294 -6.93831217598 78.9280269615 4.70548470348
motorcyclist 0 1 3.8271210825684863 1741.866699 316.158539 1807.462158 386.757233 1.46714 0.796365 1.225941 18.8293402309 -4.44137479377 66.5301077062 4.10292787826
motorcyclist 0 1 4.580417836131463 1468.887695 217.615295 1489.793945 276.308166 1.803707 0.435984 1.754406 16.8593869699 -9.97843173291 95.6675565037 4.75485562356
trafficcone 0 0 4.469843294574748 1687.553223 428.600281 1699.085816 469.350861 0.679288 0.096204 0.365206 13.0902779786 -1.93370304253 51.5686341019 4.71843454419
trafficcone 0 0 4.6134395319735635 1225.045288 367.118317 1234.416748 400.302918 0.671189 0.169076 0.325106 5.31061851705 -3.77614911456 61.7774835827 4.69919237466
car 0 1 1.6456741818188727 681.417847 164.86731 723.656922 204.74466 1.6207 1.700076 4.280732 -14.0942528861 -17.3598616226 134.408257586 1.54119450567
car 0 0 1.7461094945052562 406.09848 366.283386 523.886657 459.570221 1.171951 1.468897 4.263214 -10.0933396728 -2.44909832341 53.1342788393 1.55838702532
motorcyclist 0 1 4.558124860290533 1531.635986 265.640625 1554.314209 316.571655 1.300589 0.358121 1.782071 16.5136600662 -7.51398999365 82.8546861575 4.75485562356
motorcyclist 0 1 4.543892064087421 1570.808105 256.865204 1597.277587 310.949982 1.414146 0.457784 1.700184 17.8989221526 -7.73586283653 83.5812438957 4.75485562356
trafficcone 0 1 4.46614495395431 1730.321167 539.697937 1744.042725 595.763 0.722097 0.079643 0.33983 10.7694653638 0.232510735031 39.9449606898 4.72949102347
trafficcone 2 0 4.439075038754934 1760.442505 978.957825 1803.147827 1079.0 0.658718 0.205277 0.336604 6.12856269635 3.66552303794 21.4753258199 4.71706278123
trafficcone 0 0 4.5599863235057825 1454.426147 626.406738 1476.181762 689.008362 0.682187 0.197918 0.339769 5.86534389918 1.29173167726 34.2708016892 4.72949102347
car 0 0 -1.5303450583283338 811.40802 332.855408 901.613708 423.217652 1.368441 1.753998 4.222259 -2.88695091396 -3.4209251736 59.4586975079 -1.57886084484
motorcyclist 0 2 4.496371027394875 1609.843994 279.974762 1637.780273 342.450745 1.480984 0.368212 1.54843 17.2389205645 -6.1719601012 75.4470185364 4.72100520314
trafficcone 0 0 -1.2613199623939064 144.392838 384.802368 155.912186 420.251617 0.684895 0.10988 0.308747 -17.9529625673 -3.1928742232 58.8481260192 -1.55742417948
trafficcone 0 0 4.4089550710264 1899.2771 539.370544 1919.0 593.778564 0.696252 0.139022 0.371221 13.3120995994 0.203221423015 40.0985792186 4.72949102347
trafficcone 0 0 4.571412643544143 1421.779419 588.452942 1443.897827 648.092346 0.697382 0.225876 0.336767 5.82281437167 0.866401031925 36.5276498751 4.72949102347
pedestrian 0 1 4.508453096663686 1467.610107 330.920624 1499.895996 402.722779 1.467592 0.56982 0.539961 10.9677072136 -3.73450649646 61.701164069 4.68437090594
trafficcone 0 1 -1.2618397330121005 147.779892 326.403564 155.997742 355.656616 0.683525 0.065864 0.341915 -21.6566607957 -5.43766048176 71.1209305937 -1.55742417948
cyclist 0 1 4.511767797334724 1564.509399 275.118011 1594.106445 342.190521 1.575473 0.389528 1.784257 15.9801768814 -6.1752199611 75.2556060103 4.72100520314
trafficcone 0 0 -1.2514683184804967 114.333153 397.794006 126.214546 435.55011 0.696771 0.090569 0.345382 -17.8744334991 -2.77559636028 56.5872006214 -1.55742417948
pedestrian 0 1 3.0382472319173854 1267.261108 333.375397 1292.892944 409.880829 1.509397 0.510793 0.472151 6.17248442077 -3.44306144301 59.3201052662 3.14192795016
bus 0 1 1.6650710658271866 702.226318 171.212585 804.407043 290.078033 3.062293 2.344496 10.650815 -7.85423858653 -9.54904963941 92.0747528839 1.57997422406
motorcyclist 0 0 4.601563715139501 1295.402466 217.194992 1318.997803 263.884827 1.498749 0.640222 1.787439 11.5283097198 -10.9794433564 101.167488734 4.71502700112
trafficcone 0 1 4.417477858923341 1774.850708 401.784882 1786.583008 439.608612 0.688101 0.110264 0.308808 15.851462355 -2.64389060764 55.5187433287 4.69559373516
trafficcone 0 0 4.6554901080490625 1187.827515 323.602814 1196.17273 351.645203 0.654155 0.189167 0.312473 5.1213792023 -5.51166126103 70.8289216795 4.72767081853
motorcyclist 0 1 3.025588858136565 1267.928955 346.446503 1363.794556 426.359253 1.498143 0.791544 1.881686 6.74625483246 -3.04445825114 57.7260046386 3.14192795016
car 0 0 4.6595499080632 1076.449219 320.851257 1158.762573 396.366882 1.21245 1.690112 4.339385 2.89516808377 -4.27932202012 64.607513605 4.70433158038
trafficcone 0 0 4.4915822650209245 1562.446167 379.676971 1573.133545 416.330749 0.713834 0.129126 0.346487 12.41410872 -3.31467587746 59.5679987712 4.69704376352
trafficcone 0 1 4.585652500833577 1265.797363 406.39212 1273.448608 431.197479 0.425956 0.101998 0.344195 5.49323846238 -2.76542844148 54.6917073648 4.68575683897
trafficcone 0 0 4.516355006729471 1552.682739 427.84494 1563.632568 470.811859 0.72378 0.115733 0.320771 10.5471823293 -1.90137849118 51.4808245533 4.71843454419
car 0 0 4.707329454416065 726.868591 654.998718 908.049255 835.676086 0.806909 1.775491 4.246956 -1.86623618236 2.03957789963 29.4002913439 4.64393771251
trafficcone 0 0 3.7150676526497928 1906.23877 373.889282 1918.167359 392.834442 0.389101 0.116121 0.210001 21.1650187668 -4.03821454423 63.4961192036 4.03681318514
car 0 1 4.689038270027364 1009.484009 172.058212 1057.234497 213.660827 1.625755 2.146423 4.290694 1.90929396085 -16.3973380804 129.969255997 4.70372756418
car 0 1 4.590047237097169 1035.480103 770.098572 1267.56897 1004.029846 0.75459 1.542237 4.280964 1.33023271334 2.92083107419 24.6601037999 4.64393771251
car 0 0 1.666932728181441 647.496277 298.239044 732.155335 381.370239 1.476759 1.601982 4.208054 -7.25289242718 -4.72633633645 66.5561593078 1.55838702532
car 0 0 4.6215126149426125 1155.083008 437.630524 1295.801758 567.312378 1.286911 1.813866 4.272394 3.61857971623 -0.523059671118 43.5980819258 4.70432141175
motorcyclist 0 0 4.436307832297344 1751.571655 409.753662 1831.460693 522.37793 1.452983 0.555272 2.568544 13.4763308964 -1.08277336367 46.7069609221 4.71720819417
pedestrian 0 1 4.433650262906624 1779.942871 381.532379 1816.168213 460.202667 1.288882 0.436693 0.5307 14.5197729534 -2.03789598549 49.8258545812 4.71720819417
trafficcone 0 1 -1.2380208935207135 78.870209 410.000122 91.146935 451.059692 0.736469 0.095441 0.300714 -17.9025917836 -2.37942683865 54.4797447806 -1.55551448865
car 2 1 -1.3798880029063938 195.259338 850.590088 533.804138 1079.0 1.055283 1.763005 4.271646 -4.80559876034 3.67431878097 21.804980191 -1.59681023681
car 0 1 4.711552039205163 946.601135 190.60051 995.008667 237.371369 1.573617 1.959161 4.310789 -0.893388714908 -13.5060629924 114.191252716 4.70372858105
car 0 1 -1.552724864670191 878.634521 285.362579 959.262695 362.406891 1.477349 1.985802 4.210969 -1.85588159318 -5.48047739291 71.0505937461 -1.57883949072
car 0 0 -1.525914263968793 783.392578 435.099457 902.242248 559.000122 1.227562 1.68498 4.272591 -2.33558240497 -0.644653501445 44.0657380527 -1.57886694602
bus 0 1 4.6926318801877915 989.214111 105.972511 1037.539062 170.384842 3.413553 2.783228 10.065117 1.25528782905 -24.1426616719 170.723406072 4.69998450533
car 0 0 4.69568327588445 1047.730591 257.986298 1111.030396 313.09375 1.222222 1.826191 4.225872 2.58863368493 -7.73692812599 82.9841250587 4.72686748755
car 0 0 2.1911448929391066 0 316.014862 15.579451 393.249817 1.257273 1.674853 4.440341 -25.3872939346 -4.44926581666 65.9254674718 1.82355693594
car 0 0 -1.555541466437459 898.977722 149.9254 932.659424 177.339417 1.321114 1.885607 4.37115 -4.44676127938 -22.2365330666 160.727912438 -1.58320080185
trafficcone 0 0 4.608963124438152 1251.984131 392.87146 1260.925781 422.118988 0.533447 0.140697 0.350031 5.44781886657 -3.05693221977 56.9524520109 4.70432852979
car 0 0 4.689294173518412 973.46521 455.143066 1100.596436 572.81073 1.06806 1.877106 4.280536 0.64794617047 -0.44459292717 43.1207049436 4.70431937803
car 0 1 4.6616880962794305 948.096069 166.095337 988.678283 196.571335 1.211263 1.787695 4.266654 -1.19997842015 -17.9716980256 136.224056336 4.65287946573
trafficcone 0 0 -1.3058494522198458 278.139099 324.85025 287.771789 354.303772 0.684987 0.119167 0.358689 -18.2332009436 -5.45788929204 70.9410867976 -1.5574231626
trafficcone 0 1 4.607003008413518 1323.433716 324.523956 1330.831787 355.039825 0.711767 0.138135 0.362779 8.61594648637 -5.44886522031 71.05530215 4.72767081853
car 0 1 -1.5250636133812692 878.037109 141.099472 908.665893 168.051681 1.430388 1.72021 4.286805 -6.21376224887 -24.5361772502 173.461859286 -1.56087036908
trafficcone 0 0 4.613579513823188 1238.782471 379.889862 1248.496216 414.188782 0.660872 0.165034 0.346401 5.38617079163 -3.3373461777 59.1893684154 4.70432852979
bus 0 0 1.724224741514737 520.049011 141.597778 616.831787 240.11618 3.204894 2.004665 12.245862 -17.3145068077 -13.6037728519 113.652339287 1.57304097404
motorcyclist 0 0 4.514153040045677 1608.716064 297.175323 1638.970092 358.414031 1.352647 0.389466 1.726854 16.4601950462 -5.51344508139 72.0344867871 4.7388004788
pedestrian 0 1 3.048882841165332 1238.909912 318.169708 1261.991089 403.812256 1.760741 0.509472 0.439963 5.73651911232 -3.69500928053 61.4750756888 3.14192795016
cyclist 0 0 4.499922140688751 1653.019409 299.574371 1678.106811 373.25946 1.581078 0.189238 1.727692 16.8160214858 -4.93972284077 69.0516411277 4.7388004788
cyclist 0 0 2.9059002094806985 1611.761597 556.148438 1733.709473 710.743958 1.685839 0.692168 1.247828 8.28093975819 1.48338024381 33.760258354 3.14643785688
car 0 0 4.679610457685295 1033.709961 201.494797 1085.372681 251.301407 1.574286 1.880143 4.255356 2.60646399957 -12.276984727 108.054365616 4.70372756418
trafficcone 0 1 4.419587345131166 1840.393555 427.763214 1854.068604 470.613403 0.724012 0.123249 0.31086 15.9554213462 -1.90641347702 51.5423467872 4.71979105468
motorcyclist 0 1 4.633962806397182 1398.201172 195.998901 1414.505982 245.342758 1.723323 0.450971 1.829985 16.2689107198 -12.467186287 108.562056791 4.78271403809
motorcyclist 0 0 1.8676638293530146 114.838539 266.829193 147.65834 323.833649 1.396552 0.343348 1.68413 -24.5076463849 -6.9358992083 78.6318439665 1.56552996897
car 0 0 -1.5670383103515566 933.197266 137.93428 962.136414 164.232528 1.441562 1.846001 4.342907 -2.89156941253 -25.5360603504 178.890589015 -1.58320080185
trafficcone 0 0 4.546470176817383 1490.118164 667.233154 1517.786011 736.555237 0.704799 0.241731 0.334159 5.91662997614 1.72444748764 31.9658645318 4.72949102347
pedestrian 0 1 4.42433608413861 1808.657959 390.629089 1843.180786 463.868286 1.19637 0.408484 0.511904 15.0151367593 -1.97263225014 49.794289097 4.71720819417
trafficcone 0 0 -1.2718014312040178 176.302948 371.750824 187.156555 405.460541 0.677681 0.104759 0.32936 -18.029814041 -3.64414839687 61.3985889954 -1.55742417948
trafficcone 0 1 4.530259679466354 1537.681152 720.59906 1563.296875 794.645935 0.690677 0.188393 0.33399 5.96435481815 2.17921286496 29.539682105 4.72949102347
car 0 1 0 699.34716352 112.959104159 723.703951426 131.030269379 0 0 0 0.0 0.0 0.0 0.0
car 0 1 0 754.18922145 156.539421444 792.531519831 182.939036723 0 0 0 0.0 0.0 0.0 0.0
car 0 1 0 743.617153294 148.062560851 774.172263571 173.161401435 0 0 0 0.0 0.0 0.0 0.0
car 0 1 0 756.27569898 132.785005712 785.084802955 157.447344721 0 0 0 0.0 0.0 0.0 0.0
car 0 0 0 841.131314233 101.822202965 862.228890376 120.919146887 0 0 0 0.0 0.0 0.0 0.0
car 0 2 0 837.130049792 98.1846898364 855.499491089 111.461612754 0 0 0 0.0 0.0 0.0 0.0
car 0 1 0 998.235119631 158.957693886 1030.53623621 187.330296286 0 0 0 0.0 0.0 0.0 0.0
car 0 1 0 971.74896064 107.026577661 991.828033108 125.796145403 0 0 0 0.0 0.0 0.0 0.0
car 0 0 0 902.345210155 104.844069785 920.678276321 123.613637526 0 0 0 0.0 0.0 0.0 0.0
car 0 1 0 937.047085398 126.01439619 964.328433859 149.803732048 0 0 0 0.0 0.0 0.0 0.0
car 0 1 0 934.428075946 114.010602867 955.598402351 130.815913519 0 0 0 0.0 0.0 0.0 0.0
car 0 1 0 938.611216043 106.881077136 957.344408653 123.068010557 0 0 0 0.0 0.0 0.0 0.0
car 0 1 0 950.281570662 102.606999211 968.317573256 116.550799535 0 0 0 0.0 0.0 0.0 0.0
car 0 1 0 962.027706805 100.080948427 978.194431819 114.732042971 0 0 0 0.0 0.0 0.0 0.0
bus 0 1 0 956.91700086 80.9779419826 979.469582255 107.168036505 0 0 0 0.0 0.0 0.0 0.0
car 0 2 0 1088.21809482 138.089169843 1115.86319459 162.642383458 0 0 0 0.0 0.0 0.0 0.0
trafficcone 0 1 0 1481.90330462 368.424165722 1493.42694621 401.947486711 0 0 0 0.0 0.0 0.0 0.0
trafficcone 0 0 0 1849.11057043 366.714595416 1861.47811507 386.720917621 0 0 0 0.0 0.0 0.0 0.0
