trafficcone 0 0 4.595001104863796 1251.507935 394.108612 1261.777222 429.708374 0.660766 0.162887 0.343167 5.46484325764 -2.91551582216 57.1006349469 4.69041596703
van 0 1 1.673077875549295 571.778137 232.984467 661.02832 331.088929 2.229263 1.967576 4.514137 -10.4741522387 -6.77399734027 77.3273949188 1.53844523982
car 0 1 1.7049810714052567 464.024719 274.217194 544.427673 339.53534 1.326501 1.596294 4.260053 -13.4666454253 -6.46487447143 76.3840720859 1.5304726182
car 0 2 1.6190025397030026 720.751343 229.834183 772.652771 276.334107 1.168315 1.514028 4.296546 -8.24040100598 -9.78892105504 92.8371044772 1.5304726182
trafficcone 0 1 -1.2005567988173786 175.256592 371.567078 186.864868 409.516327 0.76105 0.070377 0.399283 -18.0908324313 -3.57256730981 61.5636412927 -1.48636721465
trafficcone 0 1 -1.1801933011276988 112.820282 397.782196 126.362732 436.176239 0.710902 0.103309 0.345782 -17.9462974812 -2.77277299986 56.7716053959 -1.48636721465
trafficcone 0 0 4.484734546029557 1562.688965 378.276703 1574.148438 414.83374 0.702479 0.124855 0.432287 12.4437286335 -3.35507617981 59.6444491278 4.69041596703
trafficcone 0 0 4.5676122058796285 1187.39624 322.697632 1196.33667 353.686188 0.723086 0.174844 0.338426 5.12414635581 -5.47103316302 70.9204092596 4.63973894065
car 0 0 1.7226432505136196 405.71814 295.509583 501.006775 365.989777 1.263121 1.691347 4.280886 -13.5525424425 -5.29978476854 69.6532052165 1.5304726182
cyclist 0 1 -0.038981024794724595 541.794312 595.487793 690.722962 733.098877 1.331498 0.707987 1.641644 -4.34966235759 1.61082683322 32.0031627976 -0.174066808367
trafficcone 0 1 4.604530996476505 1225.03125 366.685852 1235.151367 398.601227 0.642739 0.182104 0.340535 5.32348945184 -3.81667655471 61.8314692936 4.69041596703
motorcyclist 0 0 -0.19213588597657022 1162.537231 359.52124 1232.751709 440.659302 1.454594 0.788644 1.273172 4.1503638145 -2.68814780107 55.9655186564 -0.118112085752
pedestrian 0 1 2.93149585768062 1426.853149 526.599121 1494.005493 667.631592 1.630541 0.608498 0.69308 6.00657006926 1.04874007377 35.5653190795 3.09880544609
trafficcone 0 1 -1.1902677621136268 145.720703 325.096741 154.92073 355.016785 0.694548 0.043748 0.405673 -21.7320997999 -5.46566235458 71.2369992182 -1.48636721465
car 2 1 4.603343019374915 1057.623169 841.267273 1332.727417 1079.0 0.940424 1.720685 4.420053 1.52737094652 3.56035372431 22.3574328344 4.6715530625
car 0 0 0.0597536007093956 611.663818 455.066498 908.156067 570.583863 1.369788 1.834664 4.367721 -3.47593685723 -0.26482206069 42.052254039 -0.0227164843625
motorcyclist 0 2 1.7317276510995538 508.333496 338.891876 537.519104 391.285248 0.930466 0.347857 1.716773 -10.5125353427 -4.05628235139 61.8679947222 1.56341641548
trafficcone 0 0 4.49328619598066 1490.479492 668.528198 1517.374267 736.273926 0.674966 0.207655 0.387076 5.92965115031 1.71816660126 32.0353891951 4.67631165152
trafficcone 0 2 -1.1685065212439967 77.59906 410.62146 90.498535 446.296387 0.632172 0.087789 0.322061 -17.9454030325 -2.47333830236 54.5425060837 -1.48636721465
trafficcone 0 1 4.590198507787212 1263.083984 405.863281 1276.954345 439.381683 0.589668 0.223033 0.358856 5.51042395312 -2.61791881855 54.8004666794 4.69041596703
pedestrian 0 0 4.524536994209182 1475.4104 192.546341 1490.693237 237.0345 1.645574 0.473647 0.45834 19.5194444337 -12.8833355039 109.868156869 4.70036480975
car 0 1 1.6666241103742137 655.780518 293.73996 739.137574 374.396973 1.448135 1.596551 4.280589 -7.1738457428 -4.95340611198 67.5326059928 1.56079311535
car 0 1 1.685980678737103 529.230652 196.905441 588.437073 247.083603 1.591368 1.768397 4.295823 -16.9628069384 -12.4505242636 108.199215626 1.5304726182
trafficcone 0 0 4.512847358200567 1482.867188 366.083282 1492.95044 404.588745 0.783903 0.135333 0.338262 11.0960483188 -3.68902713373 61.8306398954 4.69041596703
car 0 1 1.6941465151201303 496.840118 236.507462 573.401245 301.970185 1.547845 1.737191 4.271921 -13.8450301661 -8.13352079913 83.8324063136 1.5304726182
trafficcone 0 0 4.41212625757369 1774.867554 402.778259 1787.655396 441.733368 0.705106 0.118898 0.342672 15.8584402345 -2.60510138105 55.5066315348 4.69041596703
trafficcone 0 1 4.51885520715342 1322.730225 324.364288 1332.821045 358.45816 0.795529 0.170336 0.396805 8.64193282622 -5.37428246645 71.141062668 4.63973894065
trafficcone 0 1 4.468574496972767 1537.212036 720.655151 1563.643555 793.940796 0.636455 0.138247 0.505887 5.94657971101 2.14298331945 29.452359074 4.66780115233
trafficcone 0 0 4.441632502163462 1687.437012 426.160706 1700.502198 471.015198 0.744147 0.09731 0.420321 13.0908381607 -1.90696017164 51.5293054099 4.69041596703
trafficcone 0 0 4.448435014254249 1667.828369 390.853333 1679.814941 426.393982 0.656926 0.117739 0.392288 14.153605152 -2.99632719774 57.3444595221 4.69041596703
pedestrian 0 1 4.526918113234408 1505.790405 223.839508 1533.299926 287.337402 1.916089 0.738439 0.492643 17.1022555878 -8.9656023149 89.6537852318 4.71541239589
car 2 1 4.469798213077465 1345.134277 817.700684 1739.541381 1079.0 0.959308 2.104392 4.405426 4.31372707436 3.39600204423 22.5038480964 4.65918924501
cyclist 0 0 0.10856257427006241 410.802856 612.310852 559.367065 767.088501 1.474565 0.729056 1.495313 -5.58844649501 1.90650918192 30.5991328575 -0.0720806651845
motorcyclist 0 0 2.990423239403659 1031.10437 343.100647 1129.479492 426.163696 1.532101 0.820512 1.94636 1.82971946991 -3.06713600156 57.7635142571 3.02208869291
trafficcone 0 1 -1.190139345342414 143.750854 384.011383 155.844711 418.955902 0.671082 0.088867 0.34944 -18.0106832335 -3.23088970544 59.0111834481 -1.48636721465
motorcyclist 0 0 3.2078919050150976 673.232117 349.929077 753.983521 427.432892 1.432599 0.762038 1.587543 -5.75806970424 -2.99612992183 57.1731739336 3.10751757247
car 0 1 1.7409790966727292 359.613647 272.125275 442.329223 336.601441 1.310536 1.491987 4.34819 -16.4165360163 -6.58107081818 76.830547958 1.5304726182
car 0 1 1.6635540041883925 529.177429 286.475433 618.914367 372.537567 1.605065 1.770473 4.231671 -10.3275895885 -5.06320989426 68.474610726 1.51385864458
trafficcone 0 0 4.361250729651536 1899.60022 537.844666 1917.589966 592.911622 0.705751 0.091117 0.363114 13.2856173761 0.191565157707 40.0568800723 4.68150245741
car 2 0 -1.4944102404624273 583.516479 940.907776 898.632568 1079.0 0.934296 1.787506 4.853809 -1.6190467183 4.08073507865 19.4112309854 -1.57762535575
car 0 0 1.7624438838127863 282.550079 284.851776 392.828277 369.43103 1.585654 1.830063 4.396416 -16.3875736046 -5.20648609586 69.3731249539 1.5304726182
cyclist 0 1 0.20681345873237236 127.696426 573.789734 268.519928 719.744263 1.51171 0.738311 1.416968 -9.45386337981 1.53247211702 33.0142115642 -0.0720806651845
trafficcone 0 1 -1.2342083519540359 276.753387 323.091125 285.541809 356.347106 0.777755 0.062746 0.379012 -18.3233004973 -5.42274825782 71.1190050733 -1.48636721465
trafficcone 0 0 4.508157292350593 1551.499023 428.02771 1563.716186 468.605042 0.677144 0.132959 0.348848 10.5385415581 -1.94272398771 51.4850578087 4.71005958657
car 0 2 4.611605177156361 1168.489624 181.521774 1226.907471 220.864944 1.469418 2.245801 4.217499 9.38486411796 -15.6548888471 126.515618226 4.6856490553
trafficcone 0 1 4.412675973831076 1730.090454 540.222168 1746.743164 597.870667 0.743757 0.103253 0.345248 10.8049606317 0.26104698519 40.012536142 4.67642451638
trafficcone 0 0 4.599251162273549 1239.931885 379.534851 1249.668579 414.328949 0.674828 0.163105 0.329429 5.42615349844 -3.34283583465 59.355283918 4.69041596703
trafficcone 0 1 4.517284975045964 1425.846802 587.658447 1445.307373 652.184265 0.75377 0.166181 0.375058 5.87779144505 0.91635168735 36.6489388095 4.67631165152
car 0 0 3.395856311487975 66.248695 386.96228 351.047798 498.1781 1.616684 1.825918 4.460561 -13.8220569352 -1.47769196246 48.9848572607 3.12083650837
car 0 1 1.6254508421727611 692.57666 238.118271 763.751709 311.753235 1.746078 1.857775 4.244372 -7.87188051292 -7.74721022717 82.6315291193 1.5304726182
trafficcone 0 0 4.507103803364581 1453.681152 625.126648 1475.256591 688.748657 0.690925 0.175955 0.361133 5.87202991426 1.28956569492 34.3712271081 4.67631165152
car 0 1 -1.527792798336141 686.773682 702.700256 894.632264 895.178955 0.706551 1.81544 4.203058 -1.8790578305 2.33641913443 26.871214608 -1.59760742975
cyclist 0 1 3.283901435067113 326.281677 533.882751 450.846466 668.788147 1.514409 0.691733 1.412835 -7.70512376357 1.03992093935 35.3874935242 3.06951183733
car 0 1 1.612479277551734 737.916687 210.992172 791.748108 260.085327 1.389968 1.736377 4.247537 -8.18025746168 -11.0263607025 99.5274242021 1.5304726182
trafficcone 2 0 4.398258168613422 1761.540283 978.477234 1802.379638 1077.681519 0.658533 0.189804 0.305899 6.13887455658 3.66232932137 21.5061022016 4.67631165152
pedestrian 0 0 3.113457498129368 982.445618 330.223877 1002.220459 412.104981 1.636741 0.508469 0.411038 -0.000931468310002 -3.43502330979 59.9682684221 3.11344196544
motorcyclist 0 0 3.2816701592880673 470.966614 350.965454 540.549744 426.805176 1.401628 0.812478 1.277949 -10.0985437786 -3.02237488682 57.399339333 3.10751757247
trafficcone 0 0 4.390561889322808 1838.512085 426.296143 1853.784668 468.445435 0.700887 0.123576 0.381071 15.9249922052 -1.94887802898 51.5077919234 4.69041596703
cyclist 0 0 0.1997079891811806 145.75473 600.947937 292.05603 761.479736 1.56179 0.710479 1.382547 -8.61564946484 1.87166239006 30.9153964224 -0.0720806651845
trafficcone 0 0 0 1905.60961487 371.941301575 1916.74040504 393.548129556 0 0 0 0.0 0.0 0.0 0.0
trafficcone 0 0 0 1849.51916243 365.393777944 1860.21345103 386.782355137 0 0 0 0.0 0.0 0.0 0.0
trafficcone 0 0 0 1799.53973205 360.374009827 1811.32527458 380.234831507 0 0 0 0.0 0.0 0.0 0.0
pedestrian 0 1 0 1556.06905951 216.40096593 1575.18782851 277.423886168 0 0 0 0.0 0.0 0.0 0.0
pedestrian 0 2 0 1536.16458767 214.567659313 1558.68806896 279.519093729 0 0 0 0.0 0.0 0.0 0.0
car 0 0 0 982.458896265 118.23991285 1011.63478281 148.426219712 0 0 0 0.0 0.0 0.0 0.0
car 0 1 0 970.081247426 114.450836674 990.542258772 135.922268334 0 0 0 0.0 0.0 0.0 0.0
car 0 1 0 965.534356016 99.6734395913 983.343014039 116.724282379 0 0 0 0.0 0.0 0.0 0.0
car 0 2 0 967.176289025 95.6317583378 985.111249587 109.146130029 0 0 0 0.0 0.0 0.0 0.0
car 0 0 0 917.665693669 102.073187835 935.474351693 118.871425545 0 0 0 0.0 0.0 0.0 0.0
car 0 0 0 936.411516533 97.6568090491 952.72559451 113.023617982 0 0 0 0.0 0.0 0.0 0.0
car 0 1 0 847.890276912 79.88267372 874.413810139 91.2499022454 0 0 0 0.0 0.0 0.0 0.0
motorcyclist 0 0 0 768.07078368 138.184345199 783.712090131 167.830077193 0 0 0 0.0 0.0 0.0 0.0
car 0 1 0 751.49615309 194.586006532 806.757252533 247.751898413 0 0 0 0.0 0.0 0.0 0.0
car 0 2 0 672.366449103 277.260801713 747.416783967 343.636977272 0 0 0 0.0 0.0 0.0 0.0
cyclist 0 1 0 244.466807883 185.6736304 260.471865647 228.960036625 0 0 0 0.0 0.0 0.0 0.0
