trafficcone 0 1 -0.06733352313066063 1264.865967 405.701447 1275.463013 442.059113 0.649274 0.312261 0.178453 5.50543886049 -2.56051402315 54.7255434106 0.0329300433125
car 0 1 1.8138376984588171 343.721832 272.079529 443.262878 338.022675 1.357293 1.67526 4.307324 -16.6065146222 -6.53478700919 76.7782396033 1.60082700532
car 2 0 -1.5001427578381734 585.720093 941.419434 901.15503 1079.0 0.935578 1.810566 4.913187 -1.59969843179 4.09513082486 19.4032588343 -1.5824015522
cyclist 0 0 3.4230881153622037 470.510742 351.389984 554.379211 429.109314 1.435836 0.660452 1.533048 -9.88388913125 -2.95000863978 56.9597034963 3.25127471685
trafficcone 0 1 0.24901260656171412 277.701874 323.55011 286.567139 355.000488 0.738606 0.316233 0.112844 -18.2678421617 -5.44310804855 70.9985144286 -0.00282375753551
trafficcone 0 0 -0.31960994324054187 1899.800781 537.470032 1919.0 591.590271 0.701705 0.314958 0.134234 13.2989411363 0.178103078051 40.0621087467 0.000902382722745
pedestrian 0 0 0.18138038199563924 577.328308 328.101105 603.504394 399.55777 1.451981 0.586742 0.437738 -8.9400769093 -3.79016765046 61.4836883831 0.0369866666801
cyclist 0 0 3.4128087143968218 268.671082 353.730743 346.714203 427.804473 1.398071 0.599611 1.402658 -14.2195428136 -2.98717693726 57.4252914902 3.17007307246
car 2 1 4.60213323640039 1053.930054 841.91687 1333.845825 1079.0 0.985404 1.760839 4.286762 1.5120163145 3.58431740669 22.2752899672 4.66990790985
trafficcone 0 0 -0.04216619266249786 1239.696655 378.627899 1248.585449 416.078796 0.731315 0.31331 0.167231 5.41091662202 -3.30563623511 59.3477665276 0.0487554793987
cyclist 0 1 0.193024900241579 315.256409 571.477478 461.793335 717.153381 1.550375 0.593052 1.557805 -7.1741670063 1.5251647211 32.9639978009 -0.0212698414119
trafficcone 0 0 -0.04525776954427345 1187.45752 322.131134 1196.660889 355.589874 0.787358 0.305842 0.213659 5.12433046837 -5.41753359808 70.8596630624 0.0269331679105
trafficcone 0 1 -0.29273358786053416 1726.842529 538.687195 1746.163452 592.685242 0.701975 0.287719 0.16288 10.7640088576 0.19467481332 39.9598557392 -0.0296085146554
car 0 1 -0.0894106560640984 1084.627319 455.961365 1377.773071 569.44336 1.34119 1.925474 4.273758 3.58095227111 -0.282017992975 42.1175966911 -0.00459193303146
car 0 1 1.7112244122431286 471.047821 272.815674 545.222351 339.036011 1.35857 1.406799 4.239121 -13.3868543194 -6.48778111277 76.5327362429 1.53805956339
car 0 0 1.6979529468660208 659.665527 294.261169 738.863891 375.306945 1.46207 1.370092 4.26975 -7.13396384537 -4.9316425538 67.5544616961 1.59273975544
trafficcone 0 0 -0.21290479308204208 1482.642456 366.16687 1493.580566 402.886291 0.7384 0.392584 0.139553 11.0896179953 -3.72482000237 61.7661762018 -0.0352555922289
pedestrian 0 1 4.5390767060527555 1506.815552 228.0009 1525.931519 282.838501 1.647651 0.521172 0.205975 16.7625432371 -8.96295756495 88.3781005043 4.7265186995
car 0 0 2.8636990402621656 1608.291016 380.962006 1892.291016 496.869355 1.712004 1.871721 4.469962 13.465616623 -1.50969952769 49.3471910013 3.13008861969
trafficcone 0 0 2.929311870592124 1426.158325 587.638489 1443.676269 642.487183 0.636251 0.329832 0.145912 5.85157310251 0.796110352843 36.5289460903 3.08815241748
car 0 1 1.7825321261370954 283.952087 282.85434 391.311218 369.729554 1.650479 1.686781 4.331968 -16.3823026287 -5.19170022598 69.3422024257 1.55053308291
cyclist 0 0 3.251459177939979 808.987366 344.571686 905.057068 428.575836 1.582651 0.559583 1.914863 -2.7890564642 -2.95760278336 57.1055411088 3.2026575744
trafficcone 2 0 2.906770186457363 1762.765991 977.783875 1803.605469 1079.0 0.765632 0.176262 0.233991 6.13488449696 3.73400250426 21.4671018729 3.1851312935
trafficcone 0 1 2.953263494166752 1667.399414 389.027222 1682.884033 428.509766 0.753563 0.239928 0.241163 14.1776535168 -2.94469329409 57.339186948 3.19566111954
pedestrian 0 0 3.0138316720778353 1327.119507 528.96582 1373.282227 668.367614 1.602288 0.667425 0.472518 4.58532673211 1.05303728686 35.5095324329 3.14225050824
car 0 1 1.6870584682724465 496.076202 209.145523 560.36499 261.593262 1.536363 1.806375 4.170222 -16.9650417259 -11.1432772809 101.089857439 1.52078647423
pedestrian 0 0 4.503510938590413 1473.76123 194.80867 1484.37976 233.441894 1.450644 0.327095 0.281382 19.561181001 -13.145404896 110.982889376 4.67797310745
car 0 1 1.7252608678704484 500.523315 237.861679 573.394287 306.715973 1.651863 1.51316 4.161521 -13.7749251895 -7.98382890244 83.7408882391 1.56222627929
pedestrian 0 0 3.1907297340297505 913.268921 330.885529 938.333618 408.652985 1.559621 0.438954 0.512167 -1.44085024089 -3.49731171634 59.905366296 3.16668226415
trafficcone 0 0 -0.16503767692272914 1491.785522 667.136658 1514.349243 737.484864 0.717299 0.332958 0.183249 5.91112850409 1.73624183496 31.9913400763 0.017674369435
car 0 0 1.7516267781326327 407.399567 300.45993 501.126343 368.096618 1.200089 1.550501 4.224269 -13.530359556 -5.24413120186 69.6416339664 1.55973192102
trafficcone 0 1 -0.06038838195442172 1323.31665 323.924927 1332.488891 354.990692 0.728874 0.314034 0.201927 8.62897805812 -5.44375560931 71.0012934442 0.0605511998138
trafficcone 0 0 0.229577459838475 112.790367 396.290009 126.279388 434.496766 0.709491 0.306199 0.160009 -17.9013989116 -2.79627311985 56.6258613499 -0.0766152890989
van 0 1 1.6965466782427099 570.473694 231.695831 661.414063 334.064972 2.305753 1.84679 5.119758 -10.5210751132 -6.74956011303 77.6241763524 1.56182899141
trafficcone 0 0 -0.09209529949325476 1224.245483 364.861145 1235.664306 400.872742 0.711819 0.505449 0.200103 5.32263463995 -3.78031889103 61.8651848923 -0.00627062110562
cyclist 0 0 3.4831326438127883 38.151711 538.45575 167.399727 672.643433 1.559646 0.47061 1.40319 -11.3257627855 1.11559301611 35.2803549432 3.17250309434
cyclist 0 1 -0.03345285623065953 749.372314 592.529602 895.670105 729.233581 1.377655 0.65041 1.66678 -1.98829039369 1.60875809513 32.3696401482 -0.0948003238096
cyclist 0 0 0.175733225090488 365.971008 596.890137 510.435302 752.601624 1.53917 0.712465 1.43539 -6.22147233596 1.80164303292 31.1709755723 -0.0212698414119
cyclist 0 1 0.11230002611974262 630.742004 611.814575 790.787963 759.82843 1.451686 0.660339 1.674764 -3.1117352155 1.86212962207 30.7399576782 0.0114159773567
trafficcone 0 0 2.976888642700088 1452.813477 624.940063 1476.029175 686.764709 0.676531 0.326906 0.214836 5.86045298071 1.26813206372 34.3058761162 3.14608481399
car 0 1 1.6483471126234586 758.153748 196.006027 805.127686 248.344879 1.520678 1.340815 4.236455 -7.56251192261 -11.3972614681 99.3455668358 1.57237034682
cyclist 0 1 -0.6726872847962493 1364.082031 351.316986 1420.236938 424.748993 1.351171 0.425342 1.102933 8.32887104169 -3.07639235514 57.5789285127 -0.529032328435
trafficcone 0 0 0.3017818290435829 176.138992 370.204498 187.008117 406.205597 0.740705 0.211559 0.136946 -18.0412949704 -3.62303748884 61.4313971268 0.0161314053793
trafficcone 0 0 2.9336000422872694 1551.577393 425.562347 1563.791016 470.265441 0.750991 0.336799 0.13096 10.5189288996 -1.90896371207 51.3887271134 3.13550430494
trafficcone 0 1 0.32364166307640446 146.964157 325.37323 156.042709 357.168152 0.749414 0.306567 0.091233 -21.6641816127 -5.39867409548 71.119273622 0.0279539513863
car 0 1 -1.465181434628802 688.556335 700.018555 897.148864 911.367981 0.877189 1.552213 4.123811 -1.83610086051 2.45133375465 26.5489926052 -1.53423045378
trafficcone 0 0 -0.06255785021619265 1252.071045 394.926178 1261.636475 431.650757 0.686576 0.304301 0.167805 5.45667500908 -2.86815608748 56.9714146688 0.0329300433125
trafficcone 0 1 -0.12116219207632743 1540.127075 720.557617 1566.075195 793.812378 0.694244 0.277762 0.217581 6.00092712793 2.17942776404 29.5821361692 0.0789784395375
car 2 1 4.506610621731555 1355.34082 812.235107 1679.040161 1079.0 1.180634 1.709471 4.327431 4.17033809698 3.56122961872 22.7010414991 4.68829179696
car 1 1 0.3336437053249504 0 464.588623 201.436905 581.984558 1.418795 1.748756 3.911207 -14.2081647345 -0.0837510803075 41.8529617161 0.00637307554805
trafficcone 0 0 0.31058862638141277 144.702042 383.30191 155.309479 422.606811 0.767189 0.286381 0.092585 -17.9764175346 -3.14767128891 58.9222662677 0.0144714168889
trafficcone 0 0 -0.21831577693302137 1561.061035 379.454529 1572.798584 414.775238 0.661533 0.556392 0.108457 12.4033555177 -3.36168006999 59.6021891274 -0.013141774678
car 0 1 1.6995737826673578 692.822937 235.420624 766.736938 313.702423 1.888385 1.640547 4.260218 -7.83458591707 -7.70211349185 82.7676234059 1.60519736919
trafficcone 0 1 0.18749692681543892 77.226494 411.472382 90.492623 447.645417 0.6347 0.34288 0.152166 -17.8895027242 -2.4423582047 54.3619186557 -0.130422125447
car 0 1 1.7098263764391617 526.649414 285.456299 616.503357 373.536835 1.660554 1.58754 4.244103 -10.3980150813 -5.04129311691 68.5381445833 1.55926314941
car 0 2 0 682.297367026 276.962162764 746.410718417 342.961200961 0 0 0 0.0 0.0 0.0 0.0
car 0 2 0 721.163467298 231.181877539 771.186547836 281.204958077 0 0 0 0.0 0.0 0.0 0.0
car 0 1 0 741.591741025 209.444099085 791.352920618 266.80040609 0 0 0 0.0 0.0 0.0 0.0
motorcyclist 0 0 0 761.996554015 143.786627212 777.055858366 176.08774379 0 0 0 0.0 0.0 0.0 0.0
pedestrian 0 1 0 1536.81709039 220.385672781 1560.12627452 280.360989238 0 0 0 0.0 0.0 0.0 0.0
car 0 0 0 980.251999109 116.382684748 1004.98624636 142.064201047 0 0 0 0.0 0.0 0.0 0.0
car 0 0 0 922.960998937 100.921401516 941.695875581 117.235479493 0 0 0 0.0 0.0 0.0 0.0
car 0 1 0 915.488098703 96.1850562974 933.380958419 113.235899086 0 0 0 0.0 0.0 0.0 0.0
car 0 0 0 850.392612031 82.7725686542 878.431775727 92.6241667096 0 0 0 0.0 0.0 0.0 0.0
car 0 1 0 834.781618189 82.1663164662 860.092647039 91.4116623336 0 0 0 0.0 0.0 0.0 0.0
trafficcone 0 0 0 1904.79468942 372.319575037 1916.43473143 393.780902493 0 0 0 0.0 0.0 0.0 0.0
trafficcone 0 1 0 1849.11430597 366.960063194 1861.08778668 387.875763681 0 0 0 0.0 0.0 0.0 0.0
trafficcone 0 1 0 1800.26001354 359.836731337 1811.17255293 382.571188388 0 0 0 0.0 0.0 0.0 0.0
trafficcone 0 0 0 1761.7629996 353.925772503 1773.28179118 376.522443074 0 0 0 0.0 0.0 0.0 0.0
trafficcone 0 0 0 1734.98484046 346.834273426 1746.26113116 367.022471288 0 0 0 0.0 0.0 0.0 0.0
