motorcyclist 0 1 4.389794485315177 1535.21814 317.153351 1572.697632 388.384003 1.394361 0.264386 1.788328 13.1003393967 -4.29262418568 64.493015583 4.59019595194
car 2 0 4.60410483352799 1056.302734 981.652405 1404.34851 1079.0 0.640207 1.843863 4.735859 1.48507605307 4.03221083795 18.9927080098 4.68213796785
trafficcone 0 0 4.520018459510566 1425.487793 587.484802 1443.990356 645.842102 0.681713 0.163599 0.335754 5.85985469968 0.839477486877 36.5995293158 4.67877841834
trafficcone 0 0 4.4038296617324715 1899.66333 537.929321 1916.836059 593.669616 0.719374 0.098124 0.345138 13.2866736352 0.204103974957 40.076176501 4.72396125888
car 0 0 4.569815555180565 1176.243042 457.931641 1327.061157 593.594056 1.239311 1.649994 4.248982 3.83035454522 -0.162676741562 41.478984944 4.66189886287
car 0 0 -1.5453032001742737 847.786804 273.589783 920.809631 335.194489 1.234037 1.894878 4.226154 -2.95336250335 -6.55822019615 76.2062176086 -1.584038691
car 2 1 -1.4200115999622454 214.070663 850.554932 530.163192 1079.0 1.094199 1.751423 4.231582 -4.75303154985 3.7137638716 21.8034502974 -1.63464815651
motorcyclist 0 1 4.4244614492831955 1623.385864 292.340057 1650.534546 364.711975 1.563733 0.081347 1.899229 16.3503281066 -5.22814003311 70.1187546078 4.65354846061
car 0 0 4.6623599714627755 1060.927612 289.7211 1134.376342 352.5271 1.171112 1.724199 4.242609 2.75067871337 -5.86288570549 72.9360300317 4.70005568529
motorcyclist 0 1 4.408257082498155 1753.147705 332.833282 1794.32666 405.906402 1.347944 0.295884 1.811857 17.3674003 -3.72987736516 61.4475889463 4.68370997116
trafficcone 0 0 -1.294998841240628 143.243332 386.198486 155.949905 422.763733 0.71407 0.157338 0.256152 -17.9809293795 -3.1418906229 58.9035958372 -1.59127458551
trafficcone 0 1 4.5739929329101345 1264.875122 404.788483 1275.678955 441.048279 0.640926 0.154802 0.36604 5.51602617784 -2.58734990502 54.8082884578 4.67429737652
car 2 1 1.8803578934146958 0 412.820129 136.20787 551.116333 1.494978 1.842593 4.498205 -15.6649608714 -0.79250532747 45.418518185 1.54823146678
trafficcone 0 0 4.509181914257512 1453.846924 626.219177 1477.247315 686.982239 0.676279 0.219521 0.26252 5.87930307774 1.277916452 34.3334078478 4.67877841834
cyclist 0 1 4.311953717774292 1791.367432 355.865631 1834.965577 443.331421 1.453614 0.069315 1.823715 16.4295194652 -2.66812455821 55.3609108543 4.60044560996
trafficcone 0 0 4.624703487262172 1187.033325 321.703857 1197.253296 350.711212 0.675473 0.226203 0.336875 5.1304683108 -5.54211798487 70.9065888237 4.69693292672
trafficcone 2 0 4.404980084838942 1765.779053 976.188538 1803.479981 1076.521851 0.639606 0.142413 0.384876 6.14982596614 3.63436199774 21.4708147041 4.68393875615
car 0 0 1.8301576773550465 123.52816 428.244629 286.926445 550.284485 1.226889 1.430159 4.222281 -12.5484029684 -0.769158527563 44.3047581941 1.55415701901
car 0 0 1.6391105340374938 649.145386 297.384979 732.133606 379.120239 1.435504 1.67011 4.291353 -7.23824728294 -4.78648817612 66.5992120389 1.53085177804
trafficcone 0 0 4.4390975666982575 1687.029053 427.101593 1701.095215 469.371155 0.713738 0.148175 0.305678 13.0962080805 -1.92832534983 51.5405680858 4.68792675393
car 0 1 -1.5173153822650929 686.765442 763.230042 916.965698 1013.365235 0.89617 1.77983 4.293496 -1.59372511075 2.97705237074 24.4878642828 -1.58230596757
pedestrian 0 1 4.56024612977645 1383.516846 191.230743 1396.699341 231.153213 1.515516 0.428726 0.49687 16.279840032 -13.4840208861 113.033378547 4.70328929684
pedestrian 0 1 2.9817811120223987 1262.835327 335.276215 1291.451294 418.322205 1.653818 0.350206 0.533132 6.0955369409 -3.25593168186 59.1942089064 3.08439465516
car 0 0 4.6178332784659695 1098.158081 351.083038 1213.471435 453.571472 1.391344 1.873597 4.558871 3.22420834342 -2.67292819844 55.3509625133 4.67601779637
motorcyclist 0 1 4.421132860157713 1764.144653 316.819122 1808.534546 384.910125 1.367173 0.452856 1.866899 19.1248140788 -4.51120537033 66.583547161 4.70083358101
car 0 0 4.6636705987879115 964.033325 318.444336 1050.67688 403.076965 1.352616 1.753102 4.289717 0.307461285598 -4.01429781722 62.5876529125 4.66858305033
bus 0 0 1.6386476302599269 776.783264 131.454041 833.217102 200.220963 2.809063 2.123263 9.209191 -9.19319365482 -17.9409911132 136.280203833 1.5712916494
trafficcone 0 1 4.575894679983402 1323.301636 324.366119 1333.004761 352.735077 0.658928 0.188125 0.362418 8.6454098566 -5.50724251962 71.0779413697 4.69693292672
trafficcone 0 0 4.588383087013118 1225.484009 364.888733 1234.902954 400.122711 0.710898 0.157618 0.361998 5.32414109357 -3.78486832954 61.8178307797 4.67429737652
trafficcone 0 1 4.460521070027717 1728.476929 536.703125 1746.160157 586.107422 0.62882 0.136976 0.351147 10.7917024438 0.099242863063 40.0124561569 4.72396125888
car 0 0 4.669232651871975 993.55542 137.120529 1022.30603 165.214493 1.544741 1.67316 4.268538 0.990964628098 -25.3539988883 178.036940568 4.67479865627
car 0 0 4.656389356922052 989.08374 420.594421 1119.706909 555.983947 1.423187 1.854522 4.290279 0.946563910604 -0.696795446353 44.4518740169 4.67768026761
trafficcone 0 1 4.4790141701920065 1539.054199 720.347778 1564.917236 792.207153 0.674506 0.183065 0.309273 5.99520083807 2.16225914095 29.6111053515 4.67877841834
car 0 1 4.701892828998879 943.697876 129.318466 969.76001 154.472412 1.50337 1.76718 4.272436 -2.4985888394 -28.114116191 192.518405873 4.68891511627
motorcyclist 0 0 4.382982005493666 1684.099854 338.190552 1717.888306 410.552338 1.319703 0.080392 1.855691 15.6802212645 -3.6189002922 61.1693644387 4.63391978709
trafficcone 0 1 -1.2848373318680988 114.200829 398.390747 126.706284 435.470337 0.685835 0.117391 0.336842 -17.9135133957 -2.78336042911 56.7214791562 -1.59073972659
trafficcone 0 0 -1.2623954933948502 177.40184 369.872528 186.762298 403.810821 0.684788 0.072583 0.315855 -18.0352771602 -3.68089272644 61.4442649285 -1.54789912774
trafficcone 0 0 4.583239627566452 1239.073486 378.719849 1249.951782 414.702698 0.695215 0.178948 0.356978 5.41732036242 -3.33566389081 59.3287177216 4.67429737652
cyclist 0 1 4.379930702007379 1820.349731 359.612122 1861.784545 432.08667 1.178896 0.145637 1.883274 17.2198653027 -2.92028431202 56.0885060079 4.67780838501
motorcyclist 0 0 4.446575096497699 1603.890015 313.374451 1634.125977 384.683106 1.436063 0.189095 1.806645 14.9767427879 -4.47848162082 66.0681184986 4.66949408122
cyclist 0 1 4.400996508642507 1728.312988 311.144867 1762.51709 388.189667 1.540561 0.14684 1.890285 17.8190609483 -4.36241798013 65.4218495737 4.66691757978
pedestrian 0 1 2.9576211060091953 1465.78125 333.463715 1499.450073 388.359314 1.133437 0.316149 0.660542 10.9454535646 -4.02426910134 61.6863239997 3.13323064637
motorcyclist 2 0 4.311952507710554 1894.621582 387.751801 1919.0 475.702637 1.321553 0.309609 1.849327 17.3652306815 -1.92960083228 51.5062596182 4.63713229393
trafficcone 0 1 -1.289076043624021 145.786621 324.874512 156.632004 354.213837 0.689658 0.152826 0.302711 -21.6861050453 -5.47419522711 71.1608832456 -1.58488268014
trafficcone 0 0 4.3810073537264556 1774.222778 400.583771 1785.215698 443.401581 0.782688 0.076723 0.320199 15.8333127076 -2.5729925763 55.5336760084 4.65875001529
van 0 0 -1.5511613511277036 749.447205 513.982971 886.162476 678.856445 1.214358 1.65911 4.479219 -2.23147369424 0.783621920135 36.1665057239 -1.61278324246
trafficcone 0 0 4.477000159092352 1563.27002 379.142822 1575.180298 417.391845 0.747696 0.151997 0.337484 12.4480382455 -3.29347926448 59.5852856447 4.68294938917
car 0 0 4.580747457490476 1255.878418 227.97258 1328.633667 292.958588 1.687274 1.793083 4.223997 9.73295478191 -8.98126517846 89.9323778872 4.68855312322
car 0 0 4.710324749889601 937.036255 227.882492 993.522461 282.131622 1.407948 1.838163 4.216956 -0.90823809713 -9.53986305088 92.2123319834 4.70047564718
bus 0 0 4.670102376583605 1027.545654 157.41124 1119.732666 277.504364 3.166791 2.630226 11.717326 2.66800890602 -10.1913257763 94.2138322156 4.6984134641
motorcyclist 0 1 4.403581372572092 1677.634521 320.202271 1707.193115 381.322876 1.155106 0.06656 1.837267 16.1859363286 -4.40877311341 63.8923506813 4.65169297083
car 0 0 4.70079438594764 930.527283 148.816208 961.05658 177.174606 1.399835 1.745253 4.207314 -2.76039667736 -22.5260823852 162.788960935 4.68383910756
cyclist 0 0 4.393217351808163 1826.619019 390.654999 1865.088868 490.709015 1.495171 0.041156 1.774585 15.4461080238 -1.61796498745 50.0679216229 4.69245676586
car 0 1 -1.5155204532940227 830.42218 241.54451 891.07843 295.170319 1.282499 1.675655 4.275573 -4.14868948162 -8.68163374673 87.5367649878 -1.56287869704
car 0 1 1.7391320058368855 395.504456 190.00972 456.400574 230.642685 1.395875 1.825883 4.225115 -24.2005672558 -14.2273426076 118.070122068 1.53696435856
motorcyclist 0 1 2.99392492530764 1275.02417 343.964203 1362.100098 425.443817 1.542153 0.586506 1.70243 6.78136752644 -3.04203836298 57.5261714743 3.11126655259
trafficcone 0 0 4.470783316059176 1550.629639 426.827637 1564.970215 469.693512 0.718072 0.160159 0.347646 10.5507551271 -1.92549469296 51.5310841614 4.67273761882
motorcyclist 0 0 4.559886212739178 1330.984985 265.922607 1363.306152 326.901855 1.494041 0.614494 1.851923 10.1326071375 -6.89005714149 78.9514688598 4.68752815577
car 0 1 -1.5610162192620272 943.272461 192.352982 988.549683 232.029129 1.313654 1.835293 4.199659 -1.08295680064 -13.7704580984 114.71395103 -1.57045643661
trafficcone 0 0 4.578660727903139 1251.481567 389.909424 1263.075683 427.616638 0.706519 0.189225 0.306416 5.47556445016 -2.95333149114 57.0791688885 4.67429737652
pedestrian 0 1 3.0265269613441954 1244.282715 322.310089 1264.442627 401.041962 1.630687 0.334567 0.385464 5.81813272286 -3.73886081806 61.4019420085 3.12099975924
trafficcone 0 0 -1.3303828486759635 277.786346 323.905273 288.9375 356.090942 0.749583 0.156412 0.386887 -18.2447169437 -5.42296420683 71.0330426793 -1.58179652161
trafficcone 0 0 4.49576696513946 1491.738159 668.354309 1515.980713 734.657288 0.668068 0.185895 0.350757 5.93450413622 1.70640300747 32.064116524 4.67877841834
cyclist 0 1 4.521169696419295 1500.547852 228.95665 1521.785767 283.087342 1.54203 0.290887 1.859051 16.9532593591 -9.21624339799 90.2854981545 4.70678222307
trafficcone 0 0 4.432051544657647 1669.226929 390.127869 1681.960205 430.704407 0.761893 0.13474 0.350671 14.1920061933 -2.90955691352 57.3600095507 4.67460038122
motorcyclist 0 0 0 510.384845581 155.48795802 524.571146781 187.57082381 0 0 0 0.0 0.0 0.0 0.0
car 0 1 0 743.952302803 145.200750602 776.689920956 172.438448905 0 0 0 0.0 0.0 0.0 0.0
car 0 1 0 759.666359517 128.439090107 784.023147423 152.272076123 0 0 0 0.0 0.0 0.0 0.0
car 0 1 0 795.284888067 116.653547572 817.546468412 132.10570334 0 0 0 0.0 0.0 0.0 0.0
car 0 1 0 807.543307309 110.957202013 824.275867699 127.507886747 0 0 0 0.0 0.0 0.0 0.0
car 0 0 0 839.91717415 109.138445449 862.106004232 130.236021593 0 0 0 0.0 0.0 0.0 0.0
car 0 0 0 885.274052847 127.280905927 912.919152621 152.925373481 0 0 0 0.0 0.0 0.0 0.0
bus 0 1 0 706.682571437 99.0129661294 755.333291022 150.680784604 0 0 0 0.0 0.0 0.0 0.0
car 0 0 0 972.052675596 113.188053701 993.271502177 131.527182388 0 0 0 0.0 0.0 0.0 0.0
car 0 0 0 937.10789531 110.418491622 956.432183803 128.353452184 0 0 0 0.0 0.0 0.0 0.0
car 0 2 0 935.213357223 105.745297672 951.632687315 121.40681253 0 0 0 0.0 0.0 0.0 0.0
bus 0 1 0 963.831491758 86.9423860608 989.366833918 118.370499488 0 0 0 0.0 0.0 0.0 0.0
pedestrian 0 1 0 1398.00896569 164.151233814 1411.10401295 198.634858269 0 0 0 0.0 0.0 0.0 0.0
cyclist 0 1 0 1339.81512377 175.478075631 1355.65489294 216.586047994 0 0 0 0.0 0.0 0.0 0.0
trafficcone 0 1 0 1482.87697502 368.379027628 1493.60763875 402.20789972 0 0 0 0.0 0.0 0.0 0.0
