car 0 1 1.8167794853004613 466.4021 219.313766 534.748902 276.799407 1.573634 1.266642 4.326729 -16.9348367662 -10.0244219945 95.2587591687 1.64084040684
cyclist 0 1 0.05455586569762147 862.936646 610.795959 1009.01648 762.01361 1.480995 0.662717 1.581973 -0.615025281858 1.88467950947 30.8089435604 0.0345959601082
trafficcone 0 0 -0.09291994032353548 1223.952148 365.161407 1235.540405 399.375305 0.692243 0.333118 0.219304 5.31031301057 -3.79608668415 61.7727944285 -0.00716552939619
trafficcone 0 0 1.5167595543361316 1187.945679 323.149536 1196.491333 353.940857 0.720765 0.193823 0.329722 5.13476371935 -5.46525427025 70.941873539 1.5890134264
car 0 0 2.978997040435001 1291.966064 381.209503 1565.528564 492.909546 1.635629 1.889274 4.51862 7.70892365854 -1.571408026 49.1972179567 3.13442746486
car 0 1 -0.26929284910082363 1587.07605 456.871613 1889.372559 573.389832 1.394752 1.884208 4.04302 11.3328837074 -0.223011947307 42.2394862206 -0.00716552939618
cyclist 0 1 0.15388879901354105 588.945374 592.355591 729.536561 749.352295 1.580695 0.639982 1.461412 -3.75689440601 1.78663914027 31.3435100468 0.0345959601082
pedestrian 0 1 1.3810979533164627 1500.54187 226.352386 1533.712768 287.135742 1.78419 0.892907 0.526743 16.611022569 -8.75606282306 87.4752281727 1.56875760866
car 0 0 1.6073788266093356 526.541138 285.243408 617.758972 369.654114 1.556058 2.034426 4.261142 -10.3756464932 -5.13780780578 68.4878199593 1.45702589599
pedestrian 0 1 0.19955638453081692 644.574036 325.847473 664.590332 390.836609 1.318875 0.536979 0.310169 -7.50914233091 -3.96886673394 61.4371747225 0.0779348865782
trafficcone 0 0 1.4020129789700788 1454.406982 625.711304 1476.96643 687.341492 0.671877 0.203527 0.341907 5.8846024298 1.27507793395 34.3546446578 1.57165650285
trafficcone 0 0 0.3409850159946763 112.131203 396.304657 126.216515 436.437775 0.744008 0.353645 0.124171 -17.9395972846 -2.76576080521 56.7265783321 0.0346903687453
car 0 0 0.12054932591989866 480.171448 457.372406 786.276306 574.117554 1.386636 1.890054 4.382555 -5.39558111416 -0.213555698415 42.017142212 -0.00716552939618
motorcyclist 0 1 3.494008651848478 45.680725 355.708405 120.268097 434.389191 1.464195 0.783386 1.190104 -18.8617495538 -2.86649543303 57.3537688125 3.176283363
motorcyclist 0 0 3.3052797838672934 584.448486 348.603241 682.251037 428.959717 1.488617 0.80874 1.86177 -7.41397281949 -2.96556205994 57.1551059566 3.176283363
pedestrian 0 0 3.2819561156530193 836.139038 333.611359 874.430542 409.112152 1.495904 0.538855 0.74406 -2.96826606812 -3.49706994109 59.9028688844 3.23244529363
car 0 1 1.6649078972778466 693.659546 235.922501 765.441101 311.987122 1.820849 1.713554 4.281893 -7.83752610836 -7.74688105839 82.7149954837 1.57043656262
pedestrian 0 1 4.51236870143659 1464.818604 184.211777 1479.806763 232.234284 1.813352 0.447639 0.55743 19.5190248351 -13.3613895635 112.336221106 4.68440649477
trafficcone 0 0 1.2512089498763312 1899.577515 538.658325 1918.796509 593.184204 0.700648 0.122294 0.355104 13.3059201486 0.196474748593 40.0918172618 1.57165650285
trafficcone 0 1 1.4684671544241452 1322.186646 323.515503 1331.426636 355.164002 0.741519 0.187731 0.345383 8.60911650499 -5.44610510742 71.0712580461 1.5890134264
trafficcone 0 0 -0.28495981951276667 1773.487305 401.489502 1786.091187 440.748962 0.707682 0.372482 0.111067 15.8345575069 -2.62674521496 55.52696248 -0.00716454598001
trafficcone 0 0 -0.09757290742226177 1236.811157 378.135101 1248.621094 415.791931 0.733169 0.326988 0.211492 5.37482592463 -3.30907836182 59.2891238924 -0.00716552939615
trafficcone 0 0 0.3200936505489421 175.616592 371.268311 189.089996 406.077942 0.703683 0.317118 0.160436 -18.0512052102 -3.63773026993 61.5213751463 0.0346903687453
car 0 0 1.806086009078235 405.261078 296.638947 501.968567 366.572754 1.260197 1.412674 4.229101 -13.5467662917 -5.27998656937 69.6509649573 1.61398925278
cyclist 0 1 0.18242586584447126 516.641541 568.873047 641.60315 709.834534 1.498676 0.638308 1.34257 -4.93298896841 1.44649919646 33.1259214796 0.0345959601082
trafficcone 0 1 1.3725599863177058 1537.489258 720.578979 1562.599365 791.362609 0.660446 0.181572 0.325706 5.97282401159 2.15168781883 29.6021999909 1.57165650285
trafficcone 0 0 -0.2492015879613399 1667.117554 390.860779 1680.951783 428.547882 0.704985 0.348179 0.170171 14.1564809146 -2.95085762133 57.342528192 -0.00716552939621
car 2 1 -1.4560320000484006 558.492065 941.746582 898.684143 1079.0 0.900351 1.772179 4.978397 -1.69688016308 4.07927037801 19.4422563186 -1.5430893402
trafficcone 0 0 1.2545504043822717 1850.62146 366.227264 1861.42395 386.957397 0.428592 0.129601 0.315317 20.2798485746 -4.25695704256 64.8018861371 1.55784656636
car 0 1 -1.4735875043710598 689.66864 702.103943 893.685119 904.231934 0.782363 1.55504 4.283193 -1.87429123322 2.41196028852 26.9240706248 -1.5430893402
pedestrian 0 1 1.3353832358682538 1578.946411 231.989868 1593.109619 271.847961 1.226104 0.296817 0.573466 19.923283041 -9.7638316972 92.674172901 1.54714223239
van 1 0 -0.06401854229007697 0 395.165283 139.475418 532.585693 1.755732 1.791904 4.124202 -16.7679765359 -0.98972659445 46.9384159306 -0.407122905981
trafficcone 0 1 1.3084887625006172 1729.133179 539.483276 1744.027832 592.151001 0.677377 0.095673 0.33422 10.7857777714 0.183911051382 40.0338683514 1.57165650285
trafficcone 0 0 -0.10199806304523999 1249.389648 390.917114 1260.701904 429.631531 0.725633 0.315509 0.190912 5.42771975812 -2.91320657344 57.0631081219 -0.00716552939623
trafficcone 0 0 1.3888632373498417 1490.069946 668.695007 1516.469116 736.269714 0.688202 0.224823 0.327991 5.92207710751 1.72594556061 32.0360316793 1.57165650285
trafficcone 0 2 -0.18483513999597134 1482.859253 368.395386 1493.43396 403.402344 0.70998 0.324624 0.155208 11.0901556005 -3.70924306454 61.7619232737 -0.00716552939622
trafficcone 0 0 -0.30677019690961294 1838.289063 427.493073 1852.500855 469.4628 0.706101 0.321261 0.127037 15.9109653873 -1.92642832344 51.5079430048 -0.00716552939622
motorcyclist 0 0 3.4313542126079812 228.994247 355.364563 313.347503 435.761475 1.470745 0.830746 1.425473 -14.7570853384 -2.80614635821 56.5946715549 3.176283363
trafficcone 2 0 4.461736727286947 1763.679199 978.207153 1802.092529 1078.562622 0.66115 0.180932 0.327942 6.14703738066 3.66622277595 21.5097791015 4.74009596698
car 0 1 1.4432560409594524 657.134277 292.068634 739.461548 375.688629 1.492074 1.433727 4.362347 -7.21382600395 -4.93904118402 67.5353366041 1.33684394443
car 0 1 1.8464724160384047 346.767181 271.787628 440.822723 338.410309 1.37332 1.400939 4.285882 -16.5988855687 -6.52508126689 76.7708326662 1.63353672184
pedestrian 0 0 3.0817425482489598 1214.38855 522.205505 1255.582886 665.325073 1.673457 0.534354 0.472386 3.10806666304 1.02968804057 35.5076656302 3.16905228838
car 0 1 1.7874441480370746 471.556091 275.235809 543.432617 333.054962 1.140025 1.037702 4.297257 -13.4145028177 -6.64418871659 76.5599605482 1.61398925278
trafficcone 0 1 0.3520834819142112 77.955521 410.293152 92.565125 453.258362 0.767602 0.335128 0.122335 -17.8986209183 -2.34106030452 54.4861201441 0.0346903687453
cyclist 0 1 0.019375886235038733 963.573181 589.871887 1104.355469 720.309265 1.341837 0.70048 1.641112 0.498241110884 1.53744729088 32.7332601548 0.0345959601082
trafficcone 0 1 0.33074068597999284 145.324875 326.373138 155.824982 352.167877 0.599541 0.340517 0.123813 -21.7177588627 -5.52936624085 71.2025254169 0.0346903687453
trafficcone 0 0 4.555119857647621 1422.11499 588.535522 1443.839477 647.723571 0.696153 0.219195 0.316906 5.83008032044 0.864606559532 36.5611723658 4.7132495087
van 0 1 1.7344836486134447 568.530579 231.783829 661.295533 330.023926 2.209297 1.731127 5.051373 -10.5540393933 -6.85041962204 77.6415118485 1.5993787874
motorcyclist 0 1 -0.5476785082671572 1512.96814 340.378448 1558.065064 406.787078 1.294542 0.810695 0.60272 12.0278862557 -3.64484188136 61.2061792141 -0.353636869123
car 2 1 4.508306814797913 1354.239624 808.009155 1708.430054 1079.0 1.214076 1.943713 4.42766 4.27869016626 3.57392693981 22.7462685889 4.6942392942
car 0 1 1.7782105750265405 493.835876 234.639084 573.127441 302.832276 1.624699 1.456041 4.439043 -13.9217652017 -8.13025840523 84.0109496992 1.61398925278
trafficcone 0 1 -0.10708210000718936 1264.441528 406.917938 1273.947265 443.353576 0.64419 0.361967 0.139629 5.48651686712 -2.53964191089 54.7281275167 -0.00716552939621
trafficcone 0 0 0.33107789880739413 142.851532 384.349213 155.691498 420.827057 0.701002 0.347558 0.118203 -17.9746858973 -3.18445757777 58.8595792694 0.0346903687453
trafficcone 0 1 -0.25579674275646064 1687.04126 428.905426 1699.98938 473.169678 0.742643 0.359248 0.116732 13.0931095259 -1.86578702419 51.5711464874 -0.00716552939629
trafficcone 0 0 -0.21262557607439414 1562.88623 379.726501 1572.657348 415.386688 0.697536 0.313915 0.119242 12.4152143981 -3.33218654653 59.5734439819 -0.00716454597992
trafficcone 0 1 0.28680922043231444 276.723724 324.792389 286.025421 353.153351 0.663276 0.315622 0.117067 -18.2933094484 -5.48939994081 71.01435975 0.0346903687454
car 0 1 1.8464486893202068 282.143402 283.661499 390.585632 367.17572 1.569978 1.454076 4.390861 -16.4210876836 -5.25416719533 69.3636387133 1.61398925278
car 2 1 4.604703897735256 1053.091675 841.42218 1333.38086 1079.0 1.057082 1.769427 4.324596 1.50568913733 3.65524692083 22.2867910534 4.67216110026
trafficcone 0 0 0 1905.26157629 372.983326365 1916.82886804 393.717151195 0 0 0 0.0 0.0 0.0 0.0
trafficcone 0 0 0 1800.06469663 360.761282254 1810.97723601 381.713357872 0 0 0 0.0 0.0 0.0 0.0
car 0 1 0 1071.9828938 124.419680025 1096.49682228 147.362202827 0 0 0 0.0 0.0 0.0 0.0
car 0 0 0 976.847899253 113.97507033 1001.99038999 137.808056345 0 0 0 0.0 0.0 0.0 0.0
car 0 0 0 931.015233838 99.8324192874 948.562597169 115.284575056 0 0 0 0.0 0.0 0.0 0.0
car 0 1 0 916.348780906 97.7372117255 932.58663951 111.879862768 0 0 0 0.0 0.0 0.0 0.0
car 0 1 0 967.15756428 109.260853316 987.062036117 127.593919481 0 0 0 0.0 0.0 0.0 0.0
car 0 1 0 977.371701143 94.5944003828 996.490470145 107.427546699 0 0 0 0.0 0.0 0.0 0.0
car 0 1 0 962.705248211 97.9991126708 980.252611541 112.665565603 0 0 0 0.0 0.0 0.0 0.0
car 0 2 0 936.777054633 96.6896079446 953.800616073 110.308457096 0 0 0 0.0 0.0 0.0 0.0
car 0 1 0 821.802539679 83.5945606833 847.992634201 93.5467966019 0 0 0 0.0 0.0 0.0 0.0
motorcyclist 0 0 0 757.552999796 150.127876809 774.838462181 183.127395907 0 0 0 0.0 0.0 0.0 0.0
car 0 2 0 675.701621186 277.034598828 746.301735189 344.014194164 0 0 0 0.0 0.0 0.0 0.0
car 0 2 0 719.147845188 230.872985826 770.74023619 280.655117495 0 0 0 0.0 0.0 0.0 0.0
car 0 1 0 739.060697855 208.697308992 792.010783357 266.625607661 0 0 0 0.0 0.0 0.0 0.0
car 0 1 0 756.258161523 195.120363991 807.850552525 249.428143993 0 0 0 0.0 0.0 0.0 0.0
car 0 0 0 1009.03927989 164.300656121 1075.16926855 195.51051876 0 0 0 0.0 0.0 0.0 0.0
