trafficcone 0 0 -1.3256376460107098 277.565002 323.862366 287.472778 356.788483 0.767633 0.123559 0.378836 -18.2427343919 -5.39854920647 70.942531417 -1.57733249881
car 0 0 -1.535996284528207 875.118713 210.679489 925.596557 257.200409 1.380104 1.743717 4.2401 -3.44603065307 -11.611598715 103.983479173 -1.5691243348
trafficcone 0 1 -1.2599207928465965 77.769768 409.458954 92.75235 450.632446 0.728989 0.131888 0.374235 -17.9078248361 -2.39406032353 54.5107200427 -1.57733249881
bus 0 0 1.6844454008683938 660.3302 107.318092 721.794983 175.64772 3.52538 2.352911 11.691888 -18.3026963397 -23.5638955318 168.456505191 1.57622053333
trafficcone 0 0 4.496112580386291 1493.234497 666.012146 1514.883057 737.986328 0.726817 0.148596 0.374384 5.93447280236 1.73998463205 32.0562792691 4.67916683918
cyclist 0 0 4.482474766946207 1679.805298 318.173004 1712.922241 402.666382 1.661031 0.310394 1.584664 15.9995795945 -3.86705466155 62.8490172459 4.73175153313
cyclist 0 1 4.528604724841819 1637.657715 280.239716 1662.476441 350.437622 1.597905 0.290818 1.55409 17.1570627268 -5.70604815905 72.105296936 4.76220530077
car 0 1 -1.5651825234488486 950.0979 235.532104 1012.064087 295.439178 1.505498 1.943606 4.225767 -0.350433883216 -8.8045611853 88.90127847 -1.5691243348
trafficcone 0 0 4.4371654815058506 1668.47522 389.093292 1679.442993 429.001556 0.727459 0.054194 0.517946 14.1425926364 -2.95051408598 57.2948161783 4.67916683918
trafficcone 0 0 4.430725809733951 1686.821167 427.187225 1699.0896 471.732208 0.741311 0.082069 0.408159 13.0902837754 -1.89599137686 51.6011602298 4.67916683918
car 0 1 4.520683167044309 1306.904541 789.560059 1585.899048 1013.249268 0.635175 1.616795 4.258326 3.88492637376 2.94998258072 24.3075247596 4.67916683918
trafficcone 0 1 4.415798409712177 1728.83374 537.403198 1745.259765 584.481323 0.591639 0.100597 0.370186 10.7790711877 0.0746840584995 39.9768713551 4.67916785599
van 0 0 -1.5677236055223325 841.479065 354.703064 941.419556 461.898254 1.433934 1.868571 4.5634 -1.97209043332 -2.47929737113 54.3113891799 -1.604018468
car 0 0 1.6950823867296696 648.645813 297.814087 731.964111 379.582764 1.448204 1.454646 4.246886 -7.2450810363 -4.76759410098 66.5818228603 1.58669414029
trafficcone 0 0 4.509444790611661 1454.630493 624.381042 1477.295532 690.084899 0.711985 0.185411 0.382865 5.89444268218 1.30390704616 34.3958616028 4.67916683918
motorcyclist 0 1 4.322404363264859 1749.539307 315.609894 1807.596192 383.707581 1.347219 0.575117 1.991846 18.8984204918 -4.53972030385 66.454585378 4.59947091497
car 0 0 4.674935856406718 963.54364 284.798981 1046.979736 368.57248 1.577105 1.925878 4.211388 0.292289020414 -5.19495007178 69.0825966127 4.67916683918
trafficcone 0 0 4.593271819028675 1224.793823 364.002747 1235.51123 400.836914 0.750902 0.194471 0.303975 5.31764678695 -3.76249670236 61.7563457716 4.67916683918
car 0 1 -1.5368731126003212 700.224182 665.281555 896.793762 879.165527 1.028346 1.827709 4.258499 -1.89436287573 2.32571808446 28.1704534525 -1.604018468
car 0 1 4.69277271614237 1025.874146 219.333511 1077.628296 266.767425 1.354998 1.809389 4.203465 2.15146254346 -10.9603093957 101.048085021 4.71406097238
motorcyclist 0 1 4.416403346047092 1721.35791 325.14679 1756.164917 405.075501 1.557735 0.178517 1.861296 17.2449377048 -3.89409644599 63.8839911015 4.6800606155
pedestrian 0 1 3.0273471282803013 1267.043457 332.064117 1289.59436 413.395446 1.611813 0.479702 0.403005 6.13686229889 -3.37118434262 59.3462954787 3.13038856339
motorcyclist 0 1 2.9768696080941015 1275.287231 347.841156 1365.126464 426.171265 1.463539 0.712402 1.738359 6.82625624996 -3.04253492232 57.616589261 3.09479715165
car 0 1 -1.5573108712713788 940.903748 158.599747 978.117066 194.16745 1.57997 1.905661 4.225709 -1.72542761876 -19.375588659 146.049238547 -1.5691243348
cyclist 0 0 4.447319029289799 1719.154541 348.567719 1754.440674 439.467408 1.575346 0.186838 1.732324 15.2714127987 -2.80038340699 56.7407675576 4.71023245431
trafficcone 0 2 4.35840446282142 1902.653687 535.87323 1917.703125 591.343262 0.716519 0.056504 0.334871 13.3028653246 0.172661615532 40.0401707356 4.6791688728
car 0 0 4.592676336379572 1163.689331 481.071686 1308.1698 610.375427 1.075594 1.592975 4.233673 3.4979697003 0.055913773225 40.3424991414 4.67916683918
trafficcone 0 0 4.473843787471391 1561.851196 378.598602 1572.968994 416.870544 0.726784 0.090889 0.521333 12.4176304205 -3.31794678141 59.6262276915 4.67916683918
motorcyclist 0 0 4.4736064941881395 1618.325928 308.628784 1652.983521 376.894348 1.411848 0.362092 1.809433 15.7920748726 -4.77715506945 67.8588512723 4.70225616649
motorcyclist 0 0 4.575952459443577 1407.19873 272.905731 1443.293945 338.097229 1.559053 0.715492 1.784026 11.9956279699 -6.39143700881 76.6095839115 4.73127258594
trafficcone 0 1 4.479371505880768 1540.601318 719.694641 1563.621215 794.565246 0.699718 0.144525 0.341151 6.00605635224 2.18603379745 29.6599816927 4.67916683918
motorcyclist 0 1 4.395119413195142 1778.803711 352.795227 1825.792236 431.48468 1.380598 0.39112 1.649288 16.9976720863 -3.01420435764 58.030009168 4.6800606155
trafficcone 0 0 -1.2918672224504735 176.666397 368.750458 187.508987 406.935425 0.768925 0.093351 0.37349 -18.0539842614 -3.62274518199 61.5167296417 -1.57733249881
car 0 0 -1.5566944892579209 935.796387 177.831192 979.579895 219.604736 1.55221 1.910518 4.274506 -1.54981366515 -15.4824234247 124.678447828 -1.5691243348
trafficcone 0 0 -1.2810324952899608 142.212997 383.157196 156.761459 421.473022 0.73309 0.149468 0.404479 -18.0096860571 -3.1822325259 58.9926745381 -1.57733249881
car 0 1 -1.527042946051341 853.488464 189.378616 897.958435 231.582733 1.439539 1.680679 4.286681 -4.91456421186 -14.0288822417 116.718174983 -1.5691243348
cyclist 0 0 2.150117670695002 1833.015015 533.143677 1919.0 681.104676 1.615591 0.830161 0.460478 11.0750409406 1.15078427901 34.7154852043 2.45893418658
car 2 1 -1.3877327071207688 196.116348 846.780029 535.939346 1079.0 1.164745 1.799209 4.21874 -4.77645682091 3.73726345923 21.7385710004 -1.604018468
car 0 1 1.6725988650028032 736.636047 137.013168 768.263794 169.712997 1.770411 1.531578 4.183629 -15.0195678196 -24.3601809823 172.925681744 1.58596066873
trafficcone 0 1 4.579091898494007 1263.343506 403.537933 1275.984009 442.677429 0.697238 0.194043 0.352224 5.50328534342 -2.55578073398 54.8079393139 4.67916683918
trafficcone 0 0 4.588386654086416 1237.006836 378.786774 1250.525024 417.748078 0.759062 0.239883 0.330131 5.39963601231 -3.27130714899 59.3168539513 4.67916683918
trafficcone 0 1 4.5581542503106505 1323.193604 323.071991 1333.045411 355.372955 0.755773 0.18605 0.348616 8.63708327649 -5.43808874657 71.0246886065 4.67916683918
trafficcone 0 1 -1.2813360835396659 145.582626 324.563416 155.561065 356.701539 0.744998 0.084893 0.441023 -21.7132844974 -5.42358825039 71.2016091504 -1.57733249881
motorcyclist 0 1 4.376760647983015 1668.97522 301.70224 1702.953491 370.874481 1.469353 0.214532 1.714682 17.2774711249 -4.98183704199 68.8555035199 4.62260839674
motorcyclist 0 1 4.524024484824893 1520.598022 242.245789 1543.284668 296.248139 1.40772 0.290337 1.857681 16.3308094804 -8.16606975893 83.6221381921 4.71688991271
car 0 0 1.6554705011796536 680.792114 182.610321 727.007629 223.773651 1.481576 1.650744 4.227955 -12.7127940236 -14.9595154876 121.836142232 1.55150335446
motorcyclist 0 1 4.482213455004152 1617.268555 298.556 1647.480225 357.624817 1.275509 0.340212 1.648925 16.3399265521 -5.41673528488 70.5496274367 4.70980943683
trafficcone 0 0 4.583416640511997 1250.353394 390.530304 1264.831543 427.181397 0.68239 0.24783 0.328588 5.4804210225 -2.962552157 57.0616301841 4.67916683918
trafficcone 0 0 4.520352334629127 1426.591431 585.398499 1443.291138 647.835511 0.730558 0.134705 0.354544 5.86185002052 0.86272282679 36.5992032748 4.67916683918
car 0 0 4.657440481592427 984.183472 488.833862 1128.197876 619.812988 1.064703 1.83105 4.165323 0.861167663358 0.175467001727 39.6307643953 4.67916683918
car 0 1 4.681704330046823 1044.516968 254.592987 1121.224243 323.743591 1.554876 2.100128 4.252717 2.60720641462 -7.22991427703 80.5490399889 4.71406097238
pedestrian 0 1 3.025649164779063 1240.064697 320.144684 1265.880493 405.086395 1.75467 0.439443 0.498644 5.80085866406 -3.66968030466 61.56221879 3.11959934025
trafficcone 2 0 4.400418483526194 1765.951172 976.517334 1802.078369 1078.255005 0.647694 0.123749 0.402878 6.17306503219 3.66094641185 21.5690848602 4.67916683918
trafficcone 0 0 4.378940453536103 1839.634766 425.649414 1855.140381 471.807526 0.781483 0.140554 0.320307 15.9633985801 -1.88710991066 51.5639772265 4.67916683918
trafficcone 0 0 4.477053509937015 1552.240601 426.612244 1564.222901 468.731232 0.688735 0.091946 0.460021 10.5448764609 -1.94775874641 51.4607254561 4.67916683918
trafficcone 0 0 4.401095850373869 1774.358154 400.064758 1786.999389 441.908813 0.763146 0.114554 0.327926 15.8572547135 -2.60276014291 55.5484755628 4.67916683918
bus 0 1 4.697133622867385 1006.776062 129.534897 1074.428467 226.731598 3.590006 2.831682 10.209523 2.07467211644 -15.1115362501 122.551611232 4.71406097238
car 0 1 1.8242017281002416 251.39357 229.371338 334.265686 282.136322 1.401865 1.688519 4.245696 -23.9072590271 -9.77246525003 94.5056442551 1.57642807732
trafficcone 0 0 -1.2712431927599397 112.527191 393.071136 126.967567 434.784332 0.778497 0.151514 0.322888 -17.91571422 -2.79430348686 56.6915470346 -1.57733249881
trafficcone 0 0 4.606964326910455 1186.270508 321.29248 1197.928467 355.61145 0.805799 0.25724 0.328166 5.13019335656 -5.42409924896 70.9293234105 4.67916683918
cyclist 0 1 4.607153041767965 1445.503662 208.435883 1464.580322 257.272919 1.584172 0.481805 1.573984 16.8751219994 -11.1549020629 100.755047581 4.77309940183
car 0 0 -1.5556316359883342 786.810974 461.870239 924.999695 601.719787 1.280158 1.934662 4.222609 -1.99136290497 -0.051827319665 41.1229349664 -1.604018468
motorcyclist 0 0 4.500941980934047 1569.662598 278.739624 1596.954956 343.799622 1.539936 0.33608 1.67449 16.1669792984 -6.15708217159 75.6124961868 4.71158387415
car 0 0 4.62711842798623 1091.359741 309.249725 1184.469848 396.849304 1.492194 1.806264 4.185727 3.35119186236 -4.24497272771 64.3279030252 4.67916683918
pedestrian 0 1 2.9581584486309267 1466.862671 329.150024 1500.377686 388.882415 1.212641 0.562039 0.61101 10.9879491913 -4.03554413304 61.8100552467 3.13409015302
bus 0 1 1.6242328605017091 748.039856 144.342072 826.887817 238.767258 3.063833 2.547197 12.994895 -8.46797714563 -13.9008388171 115.540163851 1.55107333134
trafficcone 0 1 0 1481.09875115 368.548167393 1493.95736006 402.304289222 0 0 0 0.0 0.0 0.0 0.0
trafficcone 0 0 0 1905.38096534 372.404660302 1916.36928625 393.497184343 0 0 0 0.0 0.0 0.0 0.0
trafficcone 0 0 0 1849.09206636 366.394882362 1860.71189996 386.603288629 0 0 0 0.0 0.0 0.0 0.0
pedestrian 0 1 0 1387.64805928 163.164191124 1402.77720388 196.530371546 0 0 0 0.0 0.0 0.0 0.0
motorcyclist 0 0 0 395.515141827 187.372380144 413.848207993 226.657521928 0 0 0 0.0 0.0 0.0 0.0
car 0 1 0 717.414502797 105.998942942 737.307152717 123.155037846 0 0 0 0.0 0.0 0.0 0.0
car 0 1 0 773.612059786 125.185777434 800.767105708 146.657209093 0 0 0 0.0 0.0 0.0 0.0
car 0 1 0 789.084120835 117.18661662 810.555552494 137.710779235 0 0 0 0.0 0.0 0.0 0.0
car 0 1 0 816.748586998 121.613099609 844.661448155 147.3788176 0 0 0 0.0 0.0 0.0 0.0
car 0 0 0 893.303919567 115.561199043 915.582284116 138.014983785 0 0 0 0.0 0.0 0.0 0.0
car 0 1 0 940.964491463 117.254354749 963.593696398 140.848370747 0 0 0 0.0 0.0 0.0 0.0
car 0 1 0 981.125190516 120.098266922 1006.91195893 145.446484853 0 0 0 0.0 0.0 0.0 0.0
car 0 1 0 970.459693285 107.664955151 989.580494354 124.768423997 0 0 0 0.0 0.0 0.0 0.0
car 0 1 0 937.558162503 107.066982796 955.451022219 123.170556541 0 0 0 0.0 0.0 0.0 0.0
car 0 1 0 933.555658426 101.336589815 949.343475822 115.662572268 0 0 0 0.0 0.0 0.0 0.0
car 0 1 0 934.92783416 93.3544837421 950.459830441 108.338291919 0 0 0 0.0 0.0 0.0 0.0
bus 0 1 0 962.167827895 83.9385389593 986.855764219 114.916341734 0 0 0 0.0 0.0 0.0 0.0
bus 0 1 0 889.689733271 69.3879251021 904.161899217 88.4210160745 0 0 0 0.0 0.0 0.0 0.0
car 0 0 0 935.12246714 130.255405647 960.43349599 152.206786955 0 0 0 0.0 0.0 0.0 0.0
car 0 0 0 861.691521757 91.6804906616 878.868667084 108.857635989 0 0 0 0.0 0.0 0.0 0.0
car 0 1 0 819.242707973 82.8216247167 842.903383644 92.3574664242 0 0 0 0.0 0.0 0.0 0.0
