cyclist 0 1 4.560768358307406 1419.092285 205.95282 1439.09668 255.710343 1.628729 0.426391 1.796654 16.1688064014 -11.3854375422 102.279802127 4.71755494814
car 0 1 -1.5242605858090301 875.067993 149.972305 907.897034 179.631271 1.423313 1.67439 4.285767 -5.77500056491 -21.7743922066 158.290337304 -1.56072800657
trafficcone 0 1 0.3304217961527262 147.247299 325.994293 156.529846 353.065826 0.624456 0.406905 0.068378 -21.6897308342 -5.5124898362 71.2241396206 0.0348162469501
car 0 1 -1.5184041778740442 851.783875 319.838165 943.781678 405.033386 1.379406 1.852774 4.225012 -2.10548449445 -3.96293823224 62.5732001381 -1.55203983038
motorcyclist 0 0 3.777409760627576 1742.759521 315.218658 1804.797363 384.523223 1.443603 0.07111 1.656079 18.722088575 -4.46589655672 66.2377116977 4.05287410447
motorcyclist 0 1 4.491896455954876 1551.607666 278.338104 1579.489502 337.042206 1.377371 0.314077 1.863775 15.8706440792 -6.41551995788 76.5137403921 4.69641840019
motorcyclist 0 1 4.4813582166192445 1636.100342 307.90448 1673.615723 374.712769 1.388108 0.435996 1.883634 16.4378405821 -4.88210163713 68.5850584783 4.71659196877
car 0 1 4.7123522743163235 1016.902954 189.160889 1068.198364 233.087983 1.513605 2.130277 4.247283 2.12227593567 -13.9906051013 116.913493948 4.73050281283
pedestrian 0 1 4.425033433838105 1819.590454 387.894012 1851.492065 494.105957 1.743305 0.360146 0.368066 14.8474277688 -1.41432242435 48.7254997902 4.72081098004
cyclist 0 1 4.600833206437278 1382.481812 187.898117 1397.961304 227.193176 1.434987 0.410644 1.728968 16.4048985586 -13.7776758433 113.874360528 4.74391022286
trafficcone 0 0 -0.33337088434266754 1899.348633 538.569397 1915.442749 593.174683 0.698628 0.373179 0.066323 13.2832041616 0.194674463845 40.10120286 -0.0135036751104
car 2 1 -1.3566433692115571 185.669327 850.629089 535.98201 1079.0 1.093199 1.757052 4.302131 -4.83224209463 3.7116988425 21.8182400885 -1.57460221334
trafficcone 0 0 -0.10583666412536431 1224.178223 365.557739 1235.733521 400.671386 0.707446 0.371732 0.21045 5.32057764457 -3.77506608413 61.8391671204 -0.0200090727481
cyclist 0 0 4.524165770129089 1669.460205 312.62735 1698.137085 391.115051 1.601147 0.285422 1.703431 16.4535388906 -4.31022624767 65.7923694733 4.76922234562
pedestrian 0 1 3.037591741390525 1268.863525 334.255951 1290.199951 403.693054 1.379836 0.354451 0.397256 6.15053219701 -3.55261938979 59.2049755839 3.14110582006
cyclist 0 0 4.501301486089825 1589.405762 287.549377 1621.122681 356.934814 1.559818 0.392196 1.789725 16.054169143 -5.58149607638 72.4076472558 4.71949107667
car 2 1 -1.5481223608713477 642.647888 882.555115 906.583496 1079.0 0.82136 1.823725 4.257809 -1.62458317989 3.67349334796 21.4123384461 -1.62384863535
bus 0 1 -1.5648001377199106 994.532104 118.182182 1044.591308 182.615722 3.089272 2.768035 10.44851 1.58838297135 -21.7487843511 158.197482118 -1.55475996782
trafficcone 0 0 -0.2979628634318376 1775.108521 400.794373 1785.445191 440.751618 0.723817 0.34963 0.066704 15.8376613981 -2.62407770827 55.50448299 -0.0200090727479
car 0 0 4.696631490949648 1068.458496 291.201538 1138.188721 358.048187 1.252797 1.74122 4.208341 2.86131170777 -5.64855641768 71.9376572069 4.73638541602
trafficcone 0 0 0.18800635750066608 176.364838 370.518402 185.848999 404.296417 0.678958 0.325147 0.109651 -18.054829738 -3.67135659846 61.4364812157 -0.0978244957097
trafficcone 0 0 -0.11452762090456817 1249.319458 392.199402 1261.290527 429.61499 0.694037 0.362373 0.196033 5.43557281656 -2.91801000375 57.0874654707 -0.019598979463
car 0 0 4.562203233021103 1079.234741 1034.388184 1438.144531 1079.0 0.676544 1.661225 4.40255 1.59853506876 4.25873376515 18.0762146642 4.65040684632
car 0 0 4.705730042484194 961.873108 299.520813 1041.296631 369.836151 1.245895 1.922418 4.267651 0.216604821784 -5.16552331747 69.0759029872 4.70886578306
trafficcone 0 0 -0.22215104622250278 1553.309937 426.859833 1563.32483 469.054932 0.702419 0.37554 0.078836 10.5527553231 -1.9369704598 51.4916753733 -0.0200090727479
car 2 1 1.883713911832603 0 290.40567 118.942039 363.156555 1.377672 1.771708 4.29395 -24.2526989628 -5.51806577619 71.7402797269 1.55771315493
car 0 0 4.591932034131796 1218.287964 558.845764 1408.599121 734.748535 1.199284 1.792509 4.213289 3.84904594313 1.3463981017 33.8109157218 4.70528438127
car 0 0 1.6652400941494376 649.047363 299.351501 731.136474 380.90332 1.437577 1.545909 4.254259 -7.25592381957 -4.74450474001 66.6316506589 1.55677144591
car 0 1 -1.5661175161126277 947.749084 206.38382 1002.690246 262.013855 1.672475 1.989358 4.235026 -0.624827139434 -11.2663894225 102.358801783 -1.57222172374
bus 0 1 1.6535269941976944 712.80835 165.088013 811.276856 277.059143 2.959183 2.362798 12.787742 -8.009498334 -10.5937645316 97.5795290713 1.57162884395
trafficcone 0 1 -1.263355828024466 78.83651 410.275482 93.29464 451.164276 0.727733 0.133504 0.339675 -17.8838912046 -2.38065033284 54.4858971212 -1.58050612687
pedestrian 0 0 4.4169680726774505 1843.283813 400.534424 1876.123291 495.826599 1.568549 0.40235 0.293987 15.2692304179 -1.37904326768 48.6976152844 4.72081098004
trafficcone 0 0 -0.26198681340857577 1669.148071 391.805725 1678.533447 428.715179 0.692341 0.325949 0.079754 14.1508314305 -2.94558895432 57.3340131764 -0.0200090727481
pedestrian 0 1 3.0464383883577373 1232.069702 320.048401 1263.32373 402.336975 1.701958 0.402783 0.632433 5.67957494189 -3.72264514406 61.519613424 3.13849879851
car 0 0 4.686011673798154 989.38269 542.54303 1140.242675 686.302613 0.982286 1.841434 4.168781 0.884472549564 0.90247618103 35.9393784016 4.7106168309
cyclist 0 0 4.464721757409286 1573.070923 252.455643 1592.556397 301.829407 1.224097 0.081326 1.793413 17.2192578353 -7.71349774762 80.5582738314 4.67530197042
trafficcone 0 0 -0.09242814142349624 1187.520508 322.178528 1197.842529 353.411408 0.732061 0.313973 0.228486 5.14473133444 -5.47588052008 70.9168786275 -0.020009072748
cyclist 0 1 4.542949499033137 1497.379883 229.324005 1520.23584 290.785675 1.763728 0.375589 1.847836 16.8360952021 -8.9592398633 90.0925180317 4.72769420664
trafficcone 0 0 -0.11086569743411806 1238.198242 379.11731 1249.724609 416.113556 0.717264 0.347382 0.199318 5.40469924002 -3.3057852267 59.3222483221 -0.020009072748
cyclist 0 0 2.5474691419223654 1651.342407 555.486572 1769.713379 706.696228 1.562875 0.786028 1.073274 8.74940126031 1.39038049953 33.7647702502 2.80102034939
trafficcone 0 0 -0.19593676701403095 1490.045776 667.393372 1513.432129 736.489624 0.697567 0.363791 0.178694 5.91088649576 1.72586479144 32.0720474813 -0.013681675132
trafficcone 0 0 -0.2258510137932488 1563.372681 379.354858 1574.369995 415.141052 0.696635 0.347707 0.134505 12.4525909345 -3.343138289 59.6390425089 -0.020009072748
car 0 0 -1.5340053828963156 894.001953 161.602676 930.480896 193.829986 1.401163 1.754616 4.29036 -4.2052716998 -19.2944280144 145.297941227 -1.56293970952
car 0 0 4.635306059948613 1106.291504 377.062622 1207.097168 466.829376 1.11396 1.623719 4.202294 3.14528681191 -2.33364624303 53.5511805958 4.69397288056
car 0 0 4.703250226095928 1044.072021 220.995789 1101.874389 277.040711 1.546584 1.957143 4.218338 2.77594519812 -10.073776593 95.8683560089 4.73219794027
cyclist 0 0 4.446484078360708 1545.435547 261.629852 1568.017822 309.780456 1.177139 0.148136 1.765813 16.3291698105 -7.43569437371 79.9254628677 4.64801559099
trafficcone 0 1 -0.11961346842720855 1263.819946 405.191406 1275.085571 439.312805 0.599613 0.374102 0.169809 5.50048652851 -2.62071138044 54.8133982852 -0.019598979463
pedestrian 0 1 3.092529355546546 1468.613525 327.858734 1499.570434 386.331085 1.193651 0.448869 0.627541 11.0065275939 -4.08884913998 61.8519023328 3.26863563319
car 0 0 -1.5038867015916642 795.509644 379.665894 898.637391 486.522583 1.327163 1.6141 4.290833 -2.65586215273 -1.9178793349 51.3198225064 -1.55559177112
bus 0 0 1.7453377261722636 567.952454 130.431931 650.765564 218.528153 3.331998 1.875709 10.602761 -17.4646031063 -15.9595225117 126.649173165 1.6083044701
trafficcone 0 1 -0.21241172385454213 1535.84082 721.054138 1562.295044 796.140808 0.704744 0.325114 0.190368 5.96192034134 2.2000667013 29.604113667 -0.013681675132
motorcyclist 0 0 1.8519597399852974 205.2742 244.918808 235.143035 293.968292 1.352956 0.395638 1.717856 -24.6490296139 -8.66893141288 88.1747519397 1.5793707088
trafficcone 0 1 -0.1409304119924579 1323.767944 324.235535 1331.877807 352.520966 0.662026 0.307834 0.152678 8.63185250259 -5.50631932224 71.0357652685 -0.020009072748
trafficcone 0 0 -0.17210286049459492 1423.616943 587.188416 1444.056274 649.306824 0.730842 0.330367 0.194596 5.84363549811 0.88324115179 36.5776020295 -0.013681675132
trafficcone 0 0 -1.2439196663858105 113.626076 395.592468 125.967148 434.177612 0.715088 0.097849 0.343257 -17.9235616322 -2.80838142526 56.713336028 -1.55002438879
trafficcone 2 0 -0.276534746459994 1763.107422 976.919312 1806.196289 1079.0 0.753127 0.328637 0.205435 6.1668660888 3.74859942909 21.5398459764 0.00230668939673
car 0 0 4.699099695036574 1092.307007 137.341843 1123.094605 164.414917 1.48586 1.917734 4.208918 7.412691684 -25.3593625273 177.755057437 4.74077726695
car 0 0 1.7359133786806127 531.087158 289.065643 615.296142 357.763 1.24681 1.395009 4.330462 -10.6177053516 -5.52994429615 70.1899350185 1.58578058024
van 0 1 -1.5410866054278756 926.939636 253.700134 987.974609 319.223694 1.431638 1.634334 4.540981 -0.989387848318 -7.34188249904 80.2973962306 -1.55340752528
trafficcone 0 0 0.28652131778065265 277.777222 324.804047 287.371094 353.954224 0.681043 0.324721 0.121067 -18.2463547918 -5.46564611926 70.9536046121 0.0348162469504
trafficcone 0 0 -0.18262938735643663 1451.154175 625.065735 1476.280518 687.014527 0.66783 0.377314 0.225005 5.86266997063 1.26756235876 34.370299671 -0.0136816751321
car 0 1 4.7036283095504885 1006.719055 171.147491 1040.472656 202.118896 1.254015 1.651422 4.229851 1.54832322932 -17.9628057437 138.169683605 4.71483379533
trafficcone 0 0 -0.2683597875034158 1687.008179 429.581848 1698.14563 468.599945 0.650633 0.343155 0.08695 13.0691876582 -1.94440738558 51.5375290208 -0.020009072748
motorcyclist 0 0 4.5951199732382015 1313.633789 228.496964 1337.19812 279.222809 1.517428 0.567642 1.805878 11.4096635207 -9.78204815377 94.6596869774 4.71507479414
car 0 1 4.70273668889983 948.464478 179.372864 991.138001 221.628494 1.556969 1.866849 4.250308 -1.028134293 -15.2865663726 123.775882619 4.69443046134
motorcyclist 0 1 2.9974479305833617 1273.441162 346.714325 1361.797974 427.493561 1.514372 0.742387 1.713385 6.77806793551 -3.01902763637 57.6734345226 3.11443623894
car 0 0 -1.5495020801581005 934.537048 146.174545 966.420227 175.518036 1.486727 1.817176 4.229403 -2.50333814629 -23.0079477673 165.612815393 -1.56461653559
trafficcone 0 0 1.865984230800712 144.960861 382.838806 157.789398 420.063049 0.718658 0.132029 0.335907 -17.9517347443 -3.20313402671 58.9330294567 1.57030121715
car 0 0 -1.4668730726980992 750.955444 529.821838 897.13684 688.484802 1.161385 1.451173 4.228013 -2.13127126681 0.919291670478 35.9633231319 -1.52606619776
trafficcone 0 1 -0.2768198826186234 1729.33313 539.394592 1743.612671 591.262756 0.665685 0.333403 0.082707 10.7769999386 0.171534827749 40.0059910777 -0.013681675132
motorcyclist 0 1 4.496194865140786 1630.929321 295.406982 1659.582885 355.946319 1.335381 0.288346 1.889718 17.1849334412 -5.63604037569 72.736368427 4.72820366075
cyclist 0 1 4.44627494299619 1588.98584 268.843445 1614.708985 326.355866 1.377107 0.198116 1.783146 17.0827655457 -6.770727628 77.44632146 4.66337416834
car 0 1 0 701.545718365 161.666703998 740.0137292 194.703936833 0 0 0 0.0 0.0 0.0 0.0
car 0 1 0 774.785793896 145.600652414 809.105293758 177.65732811 0 0 0 0.0 0.0 0.0 0.0
car 0 1 0 749.894728061 140.320729358 781.574266396 168.983168804 0 0 0 0.0 0.0 0.0 0.0
car 0 1 0 766.488771951 128.252333802 793.642661952 152.011987553 0 0 0 0.0 0.0 0.0 0.0
car 0 1 0 700.489733754 110.904015191 721.986563338 128.629471164 0 0 0 0.0 0.0 0.0 0.0
car 0 0 0 848.484719883 99.1813288823 869.174894555 116.728692212 0 0 0 0.0 0.0 0.0 0.0
car 0 1 0 838.794384909 96.56231943 855.556045404 111.490673308 0 0 0 0.0 0.0 0.0 0.0
car 0 0 0 901.126809873 107.56215913 920.245578875 126.419027186 0 0 0 0.0 0.0 0.0 0.0
car 0 1 0 939.102446931 133.752253652 966.340145235 156.013833997 0 0 0 0.0 0.0 0.0 0.0
car 0 1 0 974.982876427 108.347861965 994.887348264 130.347541364 0 0 0 0.0 0.0 0.0 0.0
car 0 1 0 964.768739563 102.324140225 983.887508565 116.466791267 0 0 0 0.0 0.0 0.0 0.0
car 0 1 0 935.435833698 116.728692212 954.554602699 135.323659324 0 0 0 0.0 0.0 0.0 0.0
car 0 1 0 937.792942205 109.657366691 959.530720659 128.514234748 0 0 0 0.0 0.0 0.0 0.0
bus 0 1 0 957.697414042 80.8482627164 983.101805729 110.443069527 0 0 0 0.0 0.0 0.0 0.0
trafficcone 0 1 0 1482.40928136 369.010887262 1494.35699296 402.138633064 0 0 0 0.0 0.0 0.0 0.0
trafficcone 0 0 0 1848.0816667 366.042061956 1862.56374137 388.21773879 0 0 0 0.0 0.0 0.0 0.0
trafficcone 0 0 0 1903.74714121 371.020275122 1917.77665104 392.29082229 0 0 0 0.0 0.0 0.0 0.0
trafficcone 0 0 0 1799.65722954 361.063848789 1811.87648004 381.881831123 0 0 0 0.0 0.0 0.0 0.0
