motorcyclist 0 0 3.7875078416923884 1743.285645 314.719147 1809.125367 381.982544 1.383879 0.857535 1.171992 18.7587924688 -4.52314148467 66.1410767413 4.06386824985
trafficcone 0 0 3.4333810559317905 176.207611 370.088501 188.309769 405.156952 0.70357 0.362524 0.123881 -18.0410197043 -3.65744698939 61.4795218029 3.14794640169
trafficcone 0 0 2.9059352356148276 1669.12854 390.946472 1678.680298 425.990112 0.656486 0.32016 0.094316 14.155340165 -2.99934303189 57.3437994443 3.14794738509
car 0 1 -1.499069284592722 841.651489 334.379761 935.700378 428.465576 1.415664 1.685781 4.22933 -2.16411352384 -3.27682892193 58.6732423565 -1.5359367365
motorcyclist 0 0 4.507005291675859 1325.735107 236.620667 1350.754028 286.697419 1.435339 0.435088 1.82869 11.4587563892 -9.23021133003 91.5394627605 4.63153586143
trafficcone 0 0 3.4439532667836037 144.504623 384.025909 156.33374 420.823181 0.702104 0.399627 0.089914 -17.9701421707 -3.19131026572 58.9249921688 3.14794640169
van 0 1 -1.5426639216400646 920.459412 267.112549 982.943421 339.30011 1.48452 1.584047 4.517946 -1.09150862858 -6.44300614141 75.9319046857 -1.55703776701
trafficcone 0 0 3.4536639971851817 115.15242 395.84491 126.728477 435.752137 0.739829 0.354654 0.081752 -17.9069982233 -2.77962366291 56.7375529059 3.14794738509
trafficcone 0 1 3.047850205407621 1265.195068 404.642822 1274.176635 439.586883 0.619275 0.339751 0.136412 5.49650875676 -2.60889541589 54.7282069013 3.14794738509
trafficcone 0 0 2.98909045711208 1427.063232 588.089417 1442.932739 645.534974 0.675675 0.310652 0.144529 5.8591903918 0.838181442018 36.5726617573 3.14794738509
car 0 1 4.702252567551012 950.156799 217.385757 1006.348266 276.03305 1.64214 1.915249 4.235026 -0.513403795674 -10.1741506591 96.4916334592 4.69693190987
trafficcone 0 0 2.9426133474338863 1562.684326 380.209106 1572.082153 414.790466 0.668293 0.373764 0.104413 12.4079985548 -3.34826566751 59.5766988972 3.14794738509
trafficcone 0 1 2.9481123811043166 1540.696655 721.658813 1563.605957 792.855407 0.643766 0.397994 0.144794 5.97024217757 2.14843344604 29.4771072908 3.14794738509
cyclist 0 1 4.524413191872994 1511.110962 240.971725 1531.076294 294.43341 1.472357 0.260211 1.724484 16.7240114129 -8.5786591503 87.3883088826 4.71350270972
motorcyclist 0 1 1.8071357692568715 246.967224 232.246887 270.476288 284.206543 1.532326 0.276176 1.84934 -24.8446290492 -9.51027007215 93.5459922419 1.54754134009
car 0 0 4.7026941010113745 936.575684 150.634125 967.352723 180.100678 1.417424 1.723996 4.24439 -2.33882037646 -21.8270887288 158.858620185 4.68797251139
trafficcone 0 0 2.8700351987763497 1774.941284 402.602661 1785.284424 440.866577 0.692205 0.344321 0.078763 15.8383867584 -2.62195308626 55.5157785691 3.14794738509
car 0 1 1.6974591654969924 710.41571 158.867966 747.172729 188.242554 1.30614 1.434708 4.221354 -14.2049225358 -20.0467273491 148.87453802 1.60233175814
cyclist 0 1 4.4915232835594265 1599.755249 274.972778 1632.504272 337.07666 1.468071 0.456666 1.751076 17.1657848419 -6.37109466083 76.0561792782 4.71350270972
trafficcone 0 0 2.899320497460025 1687.731079 427.960175 1699.172119 469.74704 0.705145 0.316624 0.10536 13.1018712472 -1.92455660366 51.6065931177 3.14794738509
car 0 0 4.642005429775322 1090.647583 140.272537 1128.994507 167.823013 1.486035 2.142046 4.245638 7.46027934091 -24.8705173204 175.730410259 4.68443293219
pedestrian 0 1 4.400542332818685 1835.325439 392.190277 1866.325195 498.230499 1.690048 0.260376 0.595892 14.9617864389 -1.34971203629 48.2251949096 4.70137454955
car 0 1 4.704601841192967 949.878662 189.927933 993.294922 230.188568 1.376529 1.811867 4.221278 -0.901968233178 -14.1877631041 117.59564824 4.69693190987
car 0 0 -1.5270419759577374 726.062866 587.457214 895.037781 769.859131 1.102373 1.745158 4.263692 -2.03663812505 1.60297373375 32.0250487282 -1.59055161067
car 0 0 4.6616663886032645 1123.031616 410.196899 1238.566162 512.807128 1.107197 1.79049 4.296918 3.25267682368 -1.40807543998 48.3900735845 4.72878327911
trafficcone 0 0 2.827830940237413 1900.483521 538.983521 1915.684327 591.125 0.661916 0.388589 0.057635 13.2994633318 0.165212987783 40.1167886513 3.14794738509
cyclist 0 1 4.473119688648882 1654.990356 311.552979 1684.686889 377.398743 1.332168 0.231349 1.78546 16.3605065941 -4.6872297909 66.7441514926 4.71350270972
bus 0 0 1.7334399302908088 586.852356 126.077461 665.890686 205.763046 3.200004 2.115322 10.035641 -17.567109571 -17.3191759667 133.220820636 1.60233175814
car 0 1 1.8624632190173906 47.35091 281.810883 160.47414 346.539368 1.268728 1.70394 4.297436 -24.0765390385 -6.1756222499 74.99164745 1.55180240836
cyclist 0 1 4.504553043299957 1564.222534 283.995972 1592.452881 343.969452 1.389162 0.358193 1.718363 15.8969854868 -6.10339260604 74.969994524 4.71350270972
trafficcone 0 0 3.0620784114772555 1225.342041 365.051849 1234.833984 403.287445 0.773853 0.382583 0.17198 5.3253162133 -3.7212403425 61.8642665209 3.14794738509
car 0 1 -1.5496444545986736 873.721375 157.322845 908.41803 186.877395 1.333683 1.795919 4.228628 -5.52636576663 -20.3888387188 150.889271794 -1.58625339731
bus 0 1 4.686285120553432 997.949036 115.971916 1047.298096 190.677749 3.475125 2.439534 10.392006 1.61839975724 -20.498422496 152.002501248 4.69693190987
car 0 0 4.66210647833205 962.895264 319.90741 1050.637574 394.341858 1.180939 1.822327 4.234117 0.301703867342 -4.28626714564 64.0633741433 4.66681590304
trafficcone 0 0 3.0755712258644134 1188.202515 324.352875 1196.89148 353.084473 0.666481 0.367793 0.191872 5.14484930523 -5.48974205547 70.9606973558 3.14794738509
car 0 0 4.660814693676608 1076.019043 309.446228 1155.737793 377.673309 1.127491 1.697101 4.237803 2.94367144828 -4.80927412464 66.5459983821 4.70502101357
car 2 1 -1.4289401387266434 219.875839 850.222412 531.284897 1079.0 1.017943 1.752101 4.245877 -4.72688885499 3.63996219626 21.7941439252 -1.64252020492
cyclist 0 1 4.537291445858305 1395.522827 192.233154 1407.842773 232.685959 1.443378 0.153903 1.782205 16.5460598729 -13.3000739961 111.637287148 4.68443293219
cyclist 0 1 4.507449627933825 1557.401489 265.075867 1582.388794 320.96222 1.356362 0.299601 1.760468 16.3826091818 -6.99409747648 78.3783148933 4.71350270972
trafficcone 0 0 2.945922503277632 1551.794922 426.507446 1564.163086 468.252289 0.695109 0.372711 0.133168 10.5478334051 -1.95111206049 51.498317386 3.14794738509
trafficcone 0 1 3.465599093562072 78.14727 410.884308 91.023735 449.949097 0.696157 0.31684 0.106677 -17.9027641035 -2.40017039597 54.4512388583 3.14794738509
cyclist 0 0 4.490093822150773 1606.414185 293.199432 1634.267701 360.330352 1.463678 0.262512 1.76006 16.0521725083 -5.36513504062 70.651695931 4.71350270972
bus 0 1 1.627222275750311 718.659241 167.027893 812.959412 269.381195 2.842607 2.737113 10.130693 -7.99384810104 -10.8507967988 98.6667859818 1.54638021735
trafficcone 0 0 2.964912104007106 1493.872437 668.242737 1513.920777 733.015747 0.658505 0.322489 0.154676 5.93178990719 1.69146461138 32.0451846459 3.14794738509
trafficcone 0 1 3.4437480935482903 147.413483 325.999603 154.980896 356.540191 0.714737 0.351396 0.046679 -21.6916376382 -5.4210392624 71.1800490777 3.14794541828
cyclist 0 0 4.466969630747626 1674.055176 317.820435 1702.262207 397.663056 1.583835 0.159366 1.72755 16.161145688 -4.0675079056 64.2201619188 4.71350270972
pedestrian 0 0 2.9717255393606283 1469.973511 330.888336 1499.291382 403.607361 1.479385 0.658413 0.498898 11.0103047226 -3.72963059091 61.8316995842 3.14794738509
car 0 1 4.539527687669865 1262.508057 642.62323 1492.795899 847.509338 1.053233 1.667584 4.194385 3.94871820963 2.12695170718 28.9932710998 4.67488915108
car 0 1 4.683652525149444 1010.202759 177.585739 1048.548706 210.455551 1.261921 1.713467 4.28519 1.75519118167 -16.8157376004 132.166365112 4.69693190987
cyclist 0 1 4.521442867372304 1436.883423 209.997986 1456.454834 259.772766 1.57931 0.334284 1.723254 16.3150518033 -10.905482349 99.2104726049 4.68443293219
motorcyclist 0 1 3.0311916334218387 1270.90564 346.228973 1363.335694 432.82373 1.622284 0.885942 1.801467 6.77597160796 -2.92431416528 57.7714904142 3.14794738509
car 0 1 1.6322469749242658 780.261963 142.678284 815.99115 175.390717 1.851145 2.059254 4.224486 -12.7321895799 -25.1602415957 181.109121163 1.5620612426
trafficcone 0 0 3.3996434901431227 278.655029 325.221436 286.492981 355.650238 0.70804 0.376788 0.069681 -18.2695490606 -5.4340011403 71.0461500507 3.14794640169
trafficcone 0 1 3.026851271101168 1323.621216 324.27771 1332.989746 351.639008 0.638185 0.326801 0.191147 8.64895906525 -5.53157874381 71.0728074281 3.14794738509
pedestrian 0 1 4.392545908141393 1861.802612 402.53717 1888.019409 500.96228 1.564469 0.182845 0.574151 15.3738494892 -1.30175123822 48.18838126 4.70137454955
pedestrian 0 1 4.5053225009453195 1563.46582 243.992889 1588.880493 309.448059 1.794064 0.566939 0.584226 17.3021635965 -7.57396867747 81.907332611 4.71350270972
pedestrian 0 1 -0.09695292099167155 1266.944092 335.477478 1291.064697 408.226013 1.421117 0.635969 0.43318 6.1592301582 -3.48947339413 59.4082179323 0.00635439083926
car 0 0 1.6546071293980107 650.319519 300.884338 731.361389 379.71466 1.382165 1.571802 4.138731 -7.22790295998 -4.75789542928 66.5237551787 1.54638021735
car 0 0 -1.5235557371488198 787.476196 405.706604 897.189697 521.182495 1.277753 1.660313 4.274588 -2.52577149734 -1.25474664369 47.3575649453 -1.57683931936
motorcyclist 0 1 4.474441384592407 1644.672241 299.442719 1687.52539 366.701813 1.464494 0.597032 1.857012 17.3360987097 -5.25209337307 71.1306148007 4.71350270972
car 0 0 1.6842901828092716 570.735657 263.588409 645.208374 327.085174 1.345147 1.596608 4.250591 -10.9057588324 -6.97099555637 78.5768564275 1.54638021735
trafficcone 0 1 2.8845605923294073 1730.473389 539.719238 1743.984742 592.569153 0.678389 0.338331 0.075825 10.7823898906 0.189070275483 39.9864200785 3.14794738509
trafficcone 0 0 3.0568009472112827 1240.144531 379.346344 1249.377197 415.875519 0.71156 0.31933 0.16109 5.42067597318 -3.30768835659 59.3073817309 3.14794738509
cyclist 0 0 2.8860524758004416 1678.637451 553.46405 1792.753418 701.123718 1.56509 0.981272 1.076142 9.14217625386 1.35526081059 34.1060345005 3.14794738509
trafficcone 0 0 3.052507643373295 1252.388306 391.405945 1261.05542 428.663544 0.698497 0.306182 0.141358 5.46328011528 -2.93171493931 57.0693304662 3.14794738509
trafficcone 0 1 2.9779210202481994 1458.251221 624.44281 1475.331299 688.02832 0.704568 0.301026 0.142619 5.89902748989 1.28799327667 34.3598047967 3.14794738509
trafficcone 2 0 2.8695477653595454 1764.420898 977.928345 1801.580444 1077.723267 0.664562 0.311781 0.16979 6.15394304376 3.66715138769 21.5306527316 3.14794738509
car 0 1 -1.5563656521179476 890.855896 167.91922 928.299133 201.924545 1.391825 1.79792 4.288038 -4.12244639047 -17.938264943 137.889920925 -1.58625339731
car 0 1 4.664338964207857 1021.870728 197.341278 1074.965943 244.726044 1.530617 1.922902 4.245397 2.22119899357 -12.8010163261 110.525707945 4.68443293219
car 0 0 4.665355914658558 1050.03125 236.369064 1110.70752 289.987976 1.333624 1.777188 4.285611 2.8473678772 -9.09430416563 90.1451079825 4.69693190987
pedestrian 0 1 3.052700188134506 1247.244019 320.588409 1265.894532 404.41217 1.702277 0.620619 0.331794 5.84596873593 -3.6720810489 61.1910896702 3.14794738509
car 0 0 4.611061041917287 997.886169 595.354065 1173.329223 765.005859 0.967556 1.6221 4.229573 1.0233891549 1.56770348841 32.3117569935 4.64272280395
motorcyclist 0 2 0 1156.28727749 166.924484731 1178.54885783 206.864378878 0 0 0 0.0 0.0 0.0 0.0
car 0 1 0 937.599023587 137.49047972 968.063196036 162.437757257 0 0 0 0.0 0.0 0.0 0.0
car 0 0 0 900.447889505 108.511625132 922.272968274 129.275762572 0 0 0 0.0 0.0 0.0 0.0
car 0 1 0 934.701138129 118.363223187 957.132469085 139.127360627 0 0 0 0.0 0.0 0.0 0.0
car 0 1 0 975.544792387 109.737723836 998.48975367 133.103693583 0 0 0 0.0 0.0 0.0 0.0
car 0 1 0 967.574681157 102.730037954 985.993801453 119.307246221 0 0 0 0.0 0.0 0.0 0.0
car 0 1 0 939.430265345 109.906828902 960.270184308 130.325739402 0 0 0 0.0 0.0 0.0 0.0
car 0 1 0 931.725810455 96.91619174 947.513627852 113.209219293 0 0 0 0.0 0.0 0.0 0.0
bus 0 1 0 957.365225907 79.6127438735 984.39396929 110.935773588 0 0 0 0.0 0.0 0.0 0.0
bus 0 1 0 888.075652917 66.1236326899 906.01061348 87.8476694275 0 0 0 0.0 0.0 0.0 0.0
car 0 0 0 851.219851221 96.2693206554 871.29353478 115.488357033 0 0 0 0.0 0.0 0.0 0.0
car 0 1 0 839.928404219 95.3852028812 855.926725847 109.734574693 0 0 0 0.0 0.0 0.0 0.0
car 0 1 0 752.454630467 136.680346935 784.100994682 164.398196972 0 0 0 0.0 0.0 0.0 0.0
car 0 1 0 769.981381223 126.568060439 795.44397312 149.757206631 0 0 0 0.0 0.0 0.0 0.0
car 0 1 0 702.340167451 110.594971274 724.16524622 128.782536915 0 0 0 0.0 0.0 0.0 0.0
trafficcone 0 1 0 1481.68920961 367.08619239 1492.37476817 403.8570851 0 0 0 0.0 0.0 0.0 0.0
trafficcone 0 0 0 1904.5469248 371.012419137 1916.33246734 393.055748693 0 0 0 0.0 0.0 0.0 0.0
trafficcone 0 0 0 1849.11122473 364.901397081 1862.86102435 386.508225062 0 0 0 0.0 0.0 0.0 0.0
trafficcone 0 1 0 1798.04054041 359.663378177 1810.26258452 381.05195537 0 0 0 0.0 0.0 0.0 0.0
cyclist 0 1 0 1576.245765 257.67446068 1612.38809544 318.173579028 0 0 0 0.0 0.0 0.0 0.0
