bus 0 0 1.620892633169366 773.360413 131.268707 831.726136 206.407272 2.934773 2.227203 10.206117 -8.99146576956 -17.1049208283 131.708133867 1.55273027988
van 0 0 -1.5406089972238874 764.356323 476.154083 891.407287 625.822204 1.246657 1.65435 4.617244 -2.29662597862 0.208774622738 39.5525844132 -1.59860900282
pedestrian 0 1 2.9804574165661792 1268.770752 333.315002 1288.721802 416.779724 1.65268 0.425965 0.33259 6.11982780365 -3.28569618188 59.094376177 3.08364980286
trafficcone 0 0 4.50755343618803 1900.462158 538.809021 1917.849487 591.699402 0.677454 0.135754 0.345065 13.3026644988 0.175890639185 40.0811131836 4.82800766134
trafficcone 0 1 4.532434783197903 1323.94873 323.937653 1333.402343 349.467133 0.596284 0.182982 0.280745 8.65034015519 -5.57732128723 71.0021184435 4.65366944926
motorcyclist 0 1 2.9957767174834347 1273.177002 348.957977 1365.25708 429.754455 1.532118 0.55231 1.812967 6.79598238291 -2.95522166671 57.5342897801 3.11335247087
trafficcone 0 0 4.579040492446903 1493.207764 667.380432 1516.463257 734.629455 0.697157 0.210452 0.264071 5.93550666957 1.71322642307 32.0100864857 4.76238426197
pedestrian 0 1 2.9995084986178524 1241.861694 320.82962 1265.591308 402.905517 1.68579 0.455244 0.439 5.79976186345 -3.70558218519 61.3663354803 3.09373908136
cyclist 0 1 4.398021575421403 1665.362183 315.936401 1698.39917 384.780883 1.369045 0.210806 1.621719 16.1742222107 -4.38444086108 64.8388781723 4.64248490645
trafficcone 0 0 4.4474915384993094 1773.643677 402.268463 1788.330689 440.949524 0.704672 0.176279 0.310624 15.8561510388 -2.6181689856 55.5180222061 4.72568892958
cyclist 0 1 4.089042111027447 1756.360596 350.392303 1814.076294 427.785095 1.335328 0.267465 1.475685 16.1758558951 -2.99194556992 56.4148887951 4.3682808174
car 0 0 4.657753531474137 983.069458 384.109344 1100.206421 502.166534 1.408574 1.842798 4.301715 0.83038838206 -1.60322018294 49.1167557812 4.67465833853
trafficcone 2 0 4.385283142085366 1766.59082 975.607361 1803.892456 1075.691162 0.653261 0.146265 0.344847 6.17434692802 3.64676757306 21.5402358602 4.66444074534
car 0 1 4.695616137701486 715.391968 678.524048 918.905335 891.61792 0.93164 1.862779 4.30481 -1.78304877255 2.36375472299 27.6534047359 4.63122681769
trafficcone 0 0 4.483564298751954 1667.414307 391.97937 1681.078003 427.282715 0.659978 0.178376 0.333039 14.1617949796 -2.97457780817 57.3422262891 4.72568892958
trafficcone 0 1 4.306221879196064 1837.424927 426.301178 1855.23938 470.397278 0.737495 0.152695 0.357096 15.9303604279 -1.91376548319 51.5174616757 4.60611809808
trafficcone 0 1 4.580379589193055 1239.191895 379.17926 1251.329957 415.125793 0.700337 0.212292 0.299832 5.42801883751 -3.32030888952 59.2703095504 4.67170558021
motorcyclist 0 0 4.282595886672012 1508.092529 309.631531 1552.624267 383.25528 1.514716 0.363025 1.633535 12.9305379524 -4.52838572336 66.4586706572 4.47476016194
motorcyclist 0 1 4.335894083847835 1669.988647 331.516968 1706.533813 401.103516 1.316706 0.156885 1.651584 15.7058820863 -3.8769170681 62.3870660005 4.58251819515
cyclist 0 1 -1.5557257494332482 1491.574219 224.874176 1509.176026 274.055939 1.425001 0.506909 1.721888 16.897676187 -9.65515312498 91.8556477915 -1.37380068874
car 0 1 4.599045308993672 1242.527344 219.70961 1306.323365 276.419159 1.545603 1.689694 4.326945 9.69396305668 -10.0295830395 95.1869889546 4.70053665861
trafficcone 0 0 4.44519541052523 1686.911133 429.461456 1701.541992 470.743927 0.694253 0.15717 0.321212 13.1063517937 -1.90604030957 51.5668376327 4.69408778414
car 0 0 -1.5194689384467157 858.544312 259.370605 926.407715 313.528259 1.161827 1.776946 4.293841 -2.92382812865 -7.5978686828 81.5517180003 -1.55530602938
trafficcone 0 0 4.5459439608569605 1456.552734 624.604187 1477.952392 688.380737 0.715766 0.202664 0.254143 5.8974978789 1.29564760763 34.3190182233 4.7161252239
trafficcone 0 0 4.581267346787781 1187.551147 322.047546 1197.688964 350.81839 0.672551 0.215873 0.295859 5.13975506942 -5.5345352092 70.8649442221 4.65366944926
motorcyclist 0 1 4.241523924524649 1734.405273 325.541107 1780.715087 400.807251 1.448171 0.21803 1.683169 17.3891696191 -3.91226787918 62.8321405316 4.51152190711
trafficcone 0 0 1.8169556489174201 143.843079 385.970123 156.888184 420.656219 0.670498 0.165366 0.286379 -17.9400495488 -3.18233578177 58.8194931987 1.52091641489
cyclist 0 1 4.378180923515143 1603.971558 285.60083 1632.783326 331.471558 0.998568 0.210862 1.535564 16.3357365444 -6.16993195634 72.079045159 4.60105238432
cyclist 0 0 4.315061435623274 1796.799072 382.071411 1845.315429 475.600769 1.450127 0.201914 1.577314 15.3443342986 -1.90093835865 51.2222396202 4.60611809808
motorcyclist 0 0 4.446745367632962 1603.244629 306.578186 1636.827759 378.680664 1.513732 0.351256 1.549203 15.2841497764 -4.68453734996 67.317044693 4.67000755418
trafficcone 0 1 1.8168340623676593 146.560684 325.081909 155.477981 349.214813 0.562631 0.123024 0.290664 -21.6835462581 -5.59328316833 71.1241711825 1.52091641489
trafficcone 0 0 4.632660072246065 1423.752319 588.905701 1444.563965 646.953308 0.671769 0.227011 0.358953 5.8542079598 0.850569885283 36.6125834206 4.79121399055
car 0 0 4.585404963582388 1154.892212 415.033447 1287.617554 535.424072 1.277112 1.660245 4.280353 3.75818639986 -1.01895155109 46.0287957772 4.66687284201
car 0 1 -1.5503984208050694 834.263123 231.624741 888.410462 280.519501 1.244164 1.720662 4.272456 -4.38938517835 -9.66692893781 92.936685288 -1.59759319418
trafficcone 0 1 4.501519943792965 1540.385498 720.39093 1565.163818 794.850708 0.698472 0.172902 0.326065 6.0033844364 2.18755609732 29.6119111462 4.70154436495
cyclist 0 1 4.022235576610871 1772.344727 318.55658 1812.810914 380.08606 1.29858 0.347149 0.951076 19.1479276092 -4.53932756733 66.1224264191 4.30410826297
car 2 0 1.8770935364278418 0 492.565338 189.413986 653.566284 1.306337 1.622424 4.454501 -12.4407199475 0.539024236257 37.8268969831 1.55935131099
car 2 1 -1.3788377221123527 194.112869 852.592102 532.440017 1079.0 0.973396 1.762432 4.254792 -4.81326443528 3.60705057686 21.7827546059 -1.59630995677
car 0 0 4.691360318244443 937.938721 218.362259 987.476868 270.665894 1.470683 1.672641 4.223447 -1.07564843899 -10.5564854773 98.4581209938 4.68043581921
trafficcone 0 0 1.8271451722516545 112.604202 394.428528 126.172874 434.071503 0.733812 0.14189 0.347438 -17.9187693583 -2.80930637168 56.6737072133 1.52091641489
trafficcone 0 0 1.772458451832473 278.221069 325.409088 287.87912 355.401062 0.677455 0.097718 0.574651 -18.2735102275 -5.45551817745 71.107262327 1.52091641489
bus 0 0 4.6293261325013315 1022.32843 151.63916 1107.806152 267.902984 3.337484 2.191575 10.629409 2.52849224966 -10.9956079409 99.3914461233 4.6547603836
bus 0 1 1.6372416964145853 701.079651 100.629547 749.719788 155.616379 3.334575 2.655772 10.716532 -18.8038724053 -28.5317676723 195.046019973 1.54113136119
car 0 0 -1.4983413524349245 932.140442 144.799515 959.793335 170.441254 1.320485 1.3922 4.356625 -2.85463787311 -23.948647581 170.273108477 -1.51510483609
cyclist 0 1 4.397672613947822 1710.320801 304.127625 1743.56189 381.531281 1.617307 0.227596 1.596777 17.7370449831 -4.58393803311 66.7586316736 4.65736217679
car 0 0 1.6338568049583706 648.868347 298.858429 729.06134 379.023163 1.398959 1.62573 4.278708 -7.27882947596 -4.78734734221 66.5862363257 1.52497480613
trafficcone 0 1 4.571542975495548 1263.431274 405.074463 1276.24414 435.381683 0.543007 0.212773 0.241666 5.5019768603 -2.68306431862 54.7466286773 4.67170558021
car 0 0 4.682346568570299 1052.619263 273.470428 1120.524048 331.663604 1.189193 1.789027 4.21005 2.63626487147 -6.80555425074 78.0932415474 4.71609166709
car 0 1 4.685213897319492 944.093506 185.385071 986.482178 222.75531 1.303304 1.734995 4.30503 -1.2018211465 -14.8784010867 120.799887476 4.67526536573
car 2 1 4.633558519406721 1039.738892 840.690247 1317.211914 1079.0 0.808721 1.882011 4.680245 1.40815207314 3.48970153501 22.6950996945 4.69552560629
trafficcone 0 1 1.8381377120982947 78.176277 412.688354 93.743812 449.585418 0.656363 0.182778 0.295842 -17.870148414 -2.40534236145 54.4309851424 1.52091641489
car 2 0 4.449824041806269 1397.505493 902.50177 1771.80542 1079.0 0.939465 1.77428 3.885112 4.338896649 3.83697163583 20.9001795316 4.65451738844
car 0 1 4.595820581996055 1087.61377 330.256897 1189.21167 421.800232 1.396538 1.709829 4.236266 3.12230853726 -3.47533225666 59.8369534326 4.64795357326
trafficcone 0 1 4.576189792294366 1250.065552 392.485809 1263.765625 426.301422 0.633241 0.238285 0.268684 5.46340521657 -2.97409330095 57.0249224976 4.67170558021
motorcyclist 0 0 4.555210480708159 1313.577271 250.419403 1339.028321 309.084167 1.534072 0.449284 1.892987 10.1186232369 -7.81406696225 83.7497933398 4.67544737244
car 0 0 -1.5570225553793686 992.328552 133.789413 1019.022217 161.106689 1.576582 1.737323 4.318733 0.904077838792 -26.7265996336 185.879322745 -1.55215880455
trafficcone 0 0 4.502629263847835 1551.986694 427.815094 1566.581298 469.960205 0.701793 0.171779 0.359624 10.5465398275 -1.91556249281 51.3745828357 4.70510337952
cyclist 0 1 3.9675570959734667 1791.392944 350.50238 1836.660644 431.858154 1.499722 0.241721 0.966879 17.0622854396 -2.9304265729 57.418193096 4.25640467614
car 0 1 1.6264968918518548 755.014282 129.177979 787.152527 155.110993 1.55151 1.97443 4.337929 -15.427659328 -28.0769002911 192.539983901 1.54654067356
trafficcone 0 0 4.519986895175546 1561.243286 379.112701 1575.747192 416.306945 0.711596 0.197314 0.467714 12.4438400039 -3.32657323853 59.6388339488 4.72568892958
trafficcone 0 1 4.455141063314936 1729.846069 538.507874 1746.71582 596.628785 0.759164 0.130907 0.297859 10.7951559176 0.248607944599 39.9847104937 4.71883620953
motorcyclist 2 0 4.162637678952789 1876.501953 379.312439 1919.0 465.471375 1.364886 0.367713 1.508386 17.3890122986 -2.12253330521 52.4762251466 4.48261960265
trafficcone 0 0 1.8063942230147152 176.046112 371.539368 188.257416 405.568512 0.686065 0.158999 0.302187 -18.0077176944 -3.63827259296 61.3562364003 1.52091641489
pedestrian 0 0 3.6781483854689943 1472.189941 329.58963 1501.085937 405.056122 1.533731 0.734113 0.24508 11.0693305445 -3.70629299776 61.9001816527 3.85510344463
trafficcone 0 0 4.585714899947396 1225.521362 365.586639 1235.299438 401.434997 0.729132 0.170771 0.310652 5.32436405855 -3.75072870179 61.765229453 4.67170558021
car 0 0 4.69518912750477 959.767395 298.646088 1037.549316 376.194031 1.381919 1.831667 4.223942 0.12604486923 -4.92735335399 67.776173475 4.69704884778
trafficcone 0 1 0 1481.9901485 367.330326333 1494.29949293 401.901251103 0 0 0 0.0 0.0 0.0 0.0
cyclist 0 1 0 1368.41774645 185.342692721 1383.86990222 226.461141122 0 0 0 0.0 0.0 0.0 0.0
pedestrian 0 1 0 1395.39528981 164.036876227 1409.7998418 201.139510134 0 0 0 0.0 0.0 0.0 0.0
car 0 2 0 1128.24529092 158.222116521 1174.79242211 194.28901949 0 0 0 0.0 0.0 0.0 0.0
car 0 0 0 888.4260226 123.32359761 912.215358458 149.077190557 0 0 0 0.0 0.0 0.0 0.0
car 0 1 0 940.872899386 125.366667483 968.760500035 152.951142038 0 0 0 0.0 0.0 0.0 0.0
car 0 0 0 972.237962585 111.511379978 992.24428479 129.092693431 0 0 0 0.0 0.0 0.0 0.0
car 0 1 0 937.226898727 108.631682085 955.869153509 126.819247726 0 0 0 0.0 0.0 0.0 0.0
bus 0 1 0 964.097208205 85.1333472772 988.65042182 118.052841087 0 0 0 0.0 0.0 0.0 0.0
car 0 1 0 935.018995619 95.7545488047 951.396224865 110.717189612 0 0 0 0.0 0.0 0.0 0.0
bus 0 2 0 888.093392232 68.2290154345 906.887210061 90.9634724854 0 0 0 0.0 0.0 0.0 0.0
car 0 0 0 870.361351013 89.0582398304 885.412403598 104.951309343 0 0 0 0.0 0.0 0.0 0.0
car 0 0 0 733.812129916 150.499822721 769.387008309 181.273183785 0 0 0 0.0 0.0 0.0 0.0
car 0 1 0 791.005961334 115.791884957 813.740418385 133.979450597 0 0 0 0.0 0.0 0.0 0.0
car 0 1 0 801.160685484 110.941867452 823.592016441 133.221635362 0 0 0 0.0 0.0 0.0 0.0
car 0 0 0 837.232690671 110.335615264 860.270273816 132.009130986 0 0 0 0.0 0.0 0.0 0.0
car 0 1 0 372.362562382 195.757324973 433.647383565 239.494782826 0 0 0 0.0 0.0 0.0 0.0
motorcyclist 0 1 0 489.821760704 157.013852544 507.099948063 193.388983826 0 0 0 0.0 0.0 0.0 0.0
