cyclist 0 1 -0.07105450084279616 1037.955811 570.001343 1173.843995 712.185425 1.498304 0.651254 1.5682 1.34378729849 1.46353417074 33.0197966411 -0.0303805321293
pedestrian 0 1 -0.12064932640117475 795.160339 325.829834 821.956726 402.798126 1.570843 0.497651 0.515327 -4.09370972515 -3.72624333953 61.5609713325 -0.187050024875
car 0 0 1.8437148774320535 282.587158 282.694733 392.759033 369.930451 1.663487 1.521456 4.328379 -16.3849244093 -5.18649493108 69.3597173473 1.61173653825
car 0 1 1.770724460383389 468.81665 275.278564 545.051513 335.898254 1.215842 1.232052 4.231281 -13.4005842276 -6.55455984502 76.4083704879 1.59710904019
trafficcone 0 0 4.484375473784069 1551.486572 427.051849 1564.398193 469.499115 0.712404 0.142028 0.326519 10.5329773339 -1.92350107071 51.4305379427 4.68638218817
trafficcone 0 0 4.599750821805431 1250.103027 390.788635 1260.352539 425.073059 0.639053 0.168317 0.306094 5.430260087 -3.00107381392 57.0426570269 4.69466128557
trafficcone 0 0 -1.5343982232979694 1562.104614 379.201263 1572.165771 415.481018 0.700521 0.175091 0.377587 12.4203380413 -3.34086419784 59.6615069081 -1.32914970479
car 0 1 -1.5003676153037535 689.25946 701.696106 895.503967 900.314026 0.749617 1.683092 4.305706 -1.86407615922 2.37579014887 26.9012171684 -1.56955040413
trafficcone 0 1 4.541193129049377 1496.035889 667.313782 1516.035035 724.72168 0.577209 0.159591 0.313736 5.95363259794 1.60004503421 32.022110145 4.72501677521
trafficcone 0 1 4.550605047788951 1537.739502 722.246826 1564.439209 792.893493 0.656722 0.208238 0.331709 5.98767153803 2.16722559829 29.6203731391 4.75006423964
car 0 1 1.8190943887016102 363.163513 272.040527 441.333618 334.280273 1.264977 1.074335 4.253118 -16.3573219301 -6.62205178687 76.7001093928 1.60897874425
trafficcone 0 1 4.571199264748312 1774.859619 402.663605 1785.919678 445.16626 0.777203 0.135223 0.310418 15.8593351992 -2.54123564886 55.5771272022 4.84916878667
trafficcone 0 0 4.576442028993667 1897.061035 538.295837 1917.296142 594.14624 0.710887 0.191283 0.375775 13.2774809389 0.205389909655 40.0952690357 4.89622478308
trafficcone 0 0 4.583013520392171 1452.44043 624.908875 1475.664185 688.684754 0.704103 0.227342 0.307961 5.86501589682 1.29436244668 34.3616143861 4.75206946756
car 0 1 1.7697595849051733 494.890076 236.353241 573.881897 303.494782 1.604057 1.514857 4.249472 -13.8663617515 -8.08587228764 83.8324539899 1.60583809054
van 0 1 1.71379236940124 570.838196 233.815659 660.82959 330.715882 2.186501 1.78441 4.786271 -10.5112276791 -6.80725499924 77.4916132032 1.5789717888
trafficcone 0 0 4.664889040789643 1668.375732 390.751038 1680.01538 427.974701 0.693384 0.190049 0.351044 14.1776870384 -2.96756233124 57.4135421366 4.90698542246
pedestrian 0 1 1.4026446688899168 1534.32251 233.485764 1561.126343 297.668213 1.897048 0.710642 0.410003 17.5880462162 -8.4379371196 87.5229322133 1.60095696044
trafficcone 0 1 -1.3184108908698997 146.286835 326.42157 156.448227 361.343964 0.820988 0.120844 0.360911 -21.6959974365 -5.30713647384 71.2192128613 -1.6141162385
car 0 1 1.792232598650111 405.855835 299.445618 501.315399 366.035462 1.16731 1.407297 4.380018 -13.5644689694 -5.30576354272 69.7331299425 1.60011204845
trafficcone 0 0 -1.3471558115943012 144.424728 384.222107 155.91719 421.654297 0.72555 0.131886 0.302899 -17.9702461171 -3.16804324937 58.9098681261 -1.64323592188
pedestrian 0 1 1.458694016264045 1498.35144 224.334167 1523.282836 285.159454 1.863218 0.722495 0.20475 16.9050557754 -9.06676578896 90.1027936126 1.64415756275
trafficcone 0 0 4.482220372076516 1686.536377 427.185669 1699.708862 472.354828 0.753028 0.120395 0.394819 13.065448425 -1.87985488494 51.4922667424 4.73071228877
trafficcone 0 1 -1.567449175321249 1323.694336 325.153625 1331.818359 356.872894 0.743749 0.192023 0.328507 8.64153289499 -5.40901490723 71.1326777562 -1.44655687139
trafficcone 0 0 4.627809269666638 1224.000732 365.188965 1236.764282 401.216614 0.734942 0.250449 0.301266 5.32534687081 -3.75570510295 61.7856680523 4.71378743382
pedestrian 0 0 3.242034691541006 663.282715 333.331879 685.39447 406.761963 1.471747 0.375227 0.40641 -6.87170752215 -3.52273802288 59.7337680893 3.12749926362
trafficcone 0 0 4.679812394189515 1188.327271 322.479218 1197.384034 354.469849 0.748749 0.213021 0.343444 5.15342367719 -5.45589146027 70.9760033252 4.75229317407
trafficcone 0 1 4.504503733477847 1728.563965 539.423645 1744.020508 596.318726 0.72662 0.107521 0.384531 10.7798636424 0.236164292995 40.0321344043 4.76754461236
cyclist 0 1 -0.29975625793562877 1547.789551 583.71698 1671.899903 712.50354 1.33496 0.655357 1.261844 7.37492847812 1.46460118002 33.0967306169 -0.0805086709038
car 2 1 4.524213565650431 1353.074951 809.700378 1701.414917 1079.0 1.132771 1.990913 4.229975 4.23563490764 3.47249334774 22.6485601978 4.70909356148
trafficcone 0 0 4.6271821474151125 1238.532227 379.495148 1249.129761 415.785462 0.70704 0.190723 0.316084 5.40098117573 -3.30952747915 59.3106709533 4.71799423769
car 2 1 4.608377217028943 1057.036743 843.019409 1329.689453 1079.0 0.927138 1.730611 4.277687 1.51145640596 3.53491418773 22.2797412361 4.67611337552
car 0 1 1.7017065427893014 694.22583 236.700043 765.706055 311.199829 1.762218 1.526786 4.558418 -7.84371355391 -7.79914983908 82.9173381458 1.60739042115
trafficcone 0 1 4.641373182592471 1264.579102 405.22464 1275.595826 444.049896 0.687732 0.180164 0.381213 5.50811087138 -2.5297853192 54.7712447672 4.74160194427
car 0 1 1.7977755768694512 419.826324 237.670258 493.276977 297.510743 1.450603 1.287375 4.292761 -16.7666370308 -8.52060660288 86.5777702602 1.60648369215
trafficcone 0 1 -1.3672818240376026 277.352295 324.892517 288.089295 355.127472 0.704093 0.16722 0.354427 -18.2525944478 -5.44218778096 70.9950276563 -1.61892859499
pedestrian 0 0 4.516819666569236 1449.769531 183.148544 1465.77478 226.973312 1.687137 0.464647 0.822663 19.4835998839 -13.9694683092 115.623169027 4.68376081226
car 1 0 -0.17318799320824702 0 396.927277 193.589249 505.920288 1.381496 1.658073 4.006983 -16.4775888831 -1.46846720168 49.2100658776 -0.496295586414
car 1 0 2.8092740337153117 1720.40918 397.983337 1919.0 496.302795 1.404252 1.807341 3.946712 15.2264779723 -1.51756269965 49.2735198162 3.10898491172
pedestrian 0 0 3.187156015716316 908.342346 532.588806 988.987366 669.416748 1.584412 0.514197 0.996232 -0.550014536268 1.07203961307 35.2501448546 3.17155409664
car 0 1 1.7275587749469499 656.265198 293.375458 739.444458 375.20224 1.474005 1.342938 4.30555 -7.16684283436 -4.93814556941 67.5554679573 1.62186583511
trafficcone 0 0 -1.3570553927106759 175.880493 370.836487 187.800018 405.398743 0.696197 0.154937 0.316736 -18.0340820267 -3.64687304654 61.4233674734 -1.64263305252
motorcyclist 0 0 4.51686507182101 1583.687622 290.8508 1609.730957 346.745148 1.273633 0.310259 1.761097 16.3462589454 -6.01556386276 74.7335523248 4.73220099089
van 0 0 -0.5925759272617188 365.641907 361.913483 597.093384 475.46637 1.529054 1.744237 3.944371 -9.59257760225 -2.11460522556 52.1141484168 -0.774606952266
cyclist 0 0 -0.019901333150858236 1142.896362 589.792725 1280.037353 748.526795 1.601633 0.636603 1.519868 2.4818687565 1.78343445084 31.5086520686 0.0587042181218
car 0 0 1.7307557299236807 526.076782 284.900269 617.675354 371.306366 1.635835 1.567093 4.108816 -10.3747807672 -5.07526717828 68.4275262413 1.580284676
trafficcone 0 0 -1.5650929845635588 1482.581299 367.914398 1492.813233 403.019928 0.705019 0.202519 0.370664 11.0973305516 -3.72719982153 61.8540374236 -1.38757005876
cyclist 0 1 -0.2063306637866628 1489.525757 612.095642 1632.351929 762.120117 1.472196 0.705592 1.400334 6.34773316363 1.89443019708 30.9795145408 -0.00422708676788
motorcyclist 0 1 3.4413083191435954 27.139561 349.633118 129.94228 427.116455 1.449806 0.699201 1.822879 -18.9965401442 -3.01353592902 57.4890259701 3.12216611619
trafficcone 0 0 4.595507941763019 1422.985229 588.566772 1444.658325 647.901733 0.694179 0.228074 0.334843 5.84641472001 0.865279496577 36.5935293988 4.7539353803
car 0 1 3.1875395261578325 629.351746 382.734772 905.724305 494.601136 1.592324 1.93159 4.727538 -3.89805402542 -1.54078751074 48.6377021044 3.10756576267
car 0 0 0.08717527666136214 569.097595 458.651917 907.734131 577.168458 1.406905 1.849817 4.916867 -3.76463593575 -0.165697263138 41.7107810245 -0.00283654188558
car 0 0 -1.5493361561350913 940.782471 142.378952 971.476563 165.337921 1.227984 1.875811 4.138807 -2.31553275379 -25.1945149815 176.992734947 -1.56241805276
car 2 1 -1.5079600149233625 586.860168 944.059021 897.741088 1079.0 0.870751 1.821525 4.942557 -1.6141893336 4.06588580768 19.4554972768 -1.59073870975
trafficcone 2 0 4.415501420140903 1761.535278 976.924683 1802.758667 1079.0 0.661796 0.174529 0.382815 6.15765668163 3.67411980464 21.5679911874 4.69360274885
pedestrian 0 1 0.29087491094722007 20.664301 338.395538 43.44146 416.683715 1.575135 0.435688 0.259418 -20.8875415884 -3.34494193723 60.1324461893 -0.0434451187299
car 0 1 1.6429731793775093 737.995483 210.494385 790.218628 257.792633 1.230706 1.436092 4.332471 -7.70693638609 -10.4384583665 93.4706635172 1.56070627551
car 0 2 0 682.630802871 277.112621608 747.058435397 343.740222073 0 0 0 0.0 0.0 0.0 0.0
car 0 2 0 723.487350326 231.541857138 770.629520467 281.826838622 0 0 0 0.0 0.0 0.0 0.0
car 0 1 0 756.752960785 195.713807831 805.728437542 244.951185534 0 0 0 0.0 0.0 0.0 0.0
motorcyclist 0 0 0 734.459952327 167.721834805 753.840622274 207.268877535 0 0 0 0.0 0.0 0.0 0.0
pedestrian 0 2 0 1584.2250981 245.555239146 1601.51056049 278.869039379 0 0 0 0.0 0.0 0.0 0.0
car 0 0 0 971.207563006 106.952409349 993.032641775 127.564983742 0 0 0 0.0 0.0 0.0 0.0
car 0 0 0 839.939818414 80.7360438981 863.128964606 90.5876419535 0 0 0 0.0 0.0 0.0 0.0
trafficcone 0 1 0 113.505751022 395.881462829 125.509544345 438.658617216 0 0 0 0.0 0.0 0.0 0.0
cyclist 0 1 0 163.604273 206.715871599 179.318329714 249.929527562 0 0 0 0.0 0.0 0.0 0.0
