car 0 1 1.6627503282396205 690.021973 235.749527 765.547119 313.055481 1.860221 1.839209 4.226435 -7.89258795433 -7.71860842926 82.754996444 1.56766498322
trafficcone 0 1 4.565047381322264 1323.297241 324.796631 1332.449951 352.694367 0.652539 0.178957 0.302557 8.62943622474 -5.49950020049 71.004650877 4.68598765881
trafficcone 0 0 4.437719415863134 1685.854614 426.11026 1698.99353 469.202454 0.720789 0.115768 0.356763 13.0525071479 -1.93305308394 51.4895724946 4.68598765881
motorcyclist 0 0 3.1352119663875007 917.419556 343.531097 1011.417786 426.17807 1.539335 0.806793 1.933937 -0.580942311694 -3.03705563569 57.452888027 3.12510068159
car 0 1 -1.495355654858824 688.692322 700.358093 896.941284 907.014099 0.840465 1.679258 4.216513 -1.85252975943 2.43586011546 26.7998701096 -1.56437045201
trafficcone 0 0 4.508504946471087 1482.324707 365.917816 1492.925659 401.693573 0.726433 0.15028 0.323111 11.0782807852 -3.74562272694 61.7621472068 4.68598765881
car 0 1 1.7473898158689203 470.074036 274.126495 545.854798 338.735595 1.317393 1.305768 4.253721 -13.3843410866 -6.4903575687 76.4896580706 1.57416126274
car 0 1 1.7326881740905944 495.791046 235.230942 574.920288 300.844727 1.572377 1.679187 4.270122 -13.9386652866 -8.22092192783 84.4465833609 1.56910415775
car 2 0 -1.5142691629222136 581.321533 940.022156 900.930969 1079.0 0.865643 1.910626 4.982861 -1.61844267856 4.04088987338 19.4713660268 -1.59719764837
pedestrian 0 0 4.415228573049545 1473.116577 188.933304 1486.688354 233.758484 1.550585 0.372049 0.325886 18.0876156566 -12.1287346784 102.466398942 4.58995102802
trafficcone 0 1 4.422738213946814 1728.554565 539.369934 1745.141479 593.064758 0.689232 0.10888 0.342618 10.7827703733 0.195289542115 40.0096911739 4.68598765881
car 0 2 4.593761148722627 1137.592773 176.370667 1198.085205 213.229172 1.421003 2.3676 4.336623 8.31758533577 -16.5827518792 131.261796567 4.65704292428
pedestrian 0 1 3.138454853591853 943.572571 329.347839 967.340027 404.806183 1.512468 0.375655 0.505027 -0.797437420852 -3.56184596423 59.7109290384 3.12510068159
motorcyclist 0 1 -0.1810989484363607 1272.058838 356.215302 1339.529053 429.175202 1.323478 0.82129 1.226104 6.43733870957 -2.94914770936 56.8146982882 -0.0682759989263
motorcyclist 0 0 3.2608779832657477 572.273315 348.655609 656.335754 428.624237 1.478501 0.815736 1.599891 -7.81279268839 -2.97523951175 57.1871927928 3.12510068159
trafficcone 0 0 4.366201722330822 1896.936523 538.03772 1917.368408 592.115479 0.696605 0.138806 0.335785 13.2651310065 0.183035221791 40.0575475983 4.68598765881
trafficcone 0 0 4.484145305598123 1550.32019 426.144012 1564.646972 469.371124 0.722699 0.160481 0.362058 10.5429709428 -1.93179450876 51.522416738 4.68598765881
trafficcone 0 1 4.486766260260531 1536.963745 720.038818 1563.947143 793.975341 0.682103 0.185027 0.358767 5.9626473785 2.16818376165 29.532739654 4.68598765881
trafficcone 0 0 -0.4445162747296202 1736.731323 347.143768 1746.107544 364.630279 0.375716 0.380431 0.050669 18.706939565 -5.05901202717 68.9151191291 -0.179454396339
pedestrian 0 0 0.13915459316422837 542.459351 326.166504 574.497925 404.749146 1.606425 0.513448 0.590092 -9.63049164112 -3.67020573646 61.3735068961 -0.0164923126726
trafficcone 0 0 4.503020110399515 1491.871704 667.348572 1515.710937 737.062866 0.713778 0.188624 0.317791 5.92886845602 1.73563033593 32.0415280712 4.68598765881
trafficcone 2 0 4.407877442201263 1762.911133 976.36615 1801.77417 1079.0 0.726576 0.172542 0.309194 6.14974619355 3.71663347368 21.5395584699 4.68598765881
car 1 0 2.77655748321963 1757.639038 383.579712 1919.0 494.967163 1.61999 1.830383 4.293927 16.1102976557 -1.55126255224 49.3748189549 3.09195181946
trafficcone 0 1 4.527222885237003 1425.864868 587.505432 1443.614868 644.899963 0.673912 0.160035 0.313403 5.85880932796 0.829864812045 36.5918715277 4.68598765881
trafficcone 0 0 4.516481306908982 1454.20105 624.477295 1476.425049 687.484741 0.687167 0.190105 0.346245 5.88414032876 1.27674887731 34.3802863721 4.68598765881
car 0 1 1.743712018657269 512.94342 201.284927 575.554199 251.141616 1.520677 1.600213 4.213962 -16.932203099 -11.87980981 104.490174627 1.58306257534
car 0 1 1.7223700515674665 526.655701 285.16745 619.780396 372.867493 1.650912 1.615162 4.269164 -10.3526138749 -5.05537833322 68.5152796989 1.57240512385
trafficcone 0 0 -1.290806906518293 112.108681 394.984375 125.718613 434.190247 0.730311 0.14579 0.312197 -17.9353458399 -2.80550392264 56.6947857322 -1.59719459789
cyclist 0 1 -0.0037601954780055596 650.597595 592.359009 795.815613 735.671692 1.40179 0.870569 1.638399 -3.14029962624 1.65136294006 32.3346671359 -0.100575232274
trafficcone 0 0 -0.4281332635317463 1688.481567 333.990479 1697.578003 348.178406 0.321105 0.316639 0.094944 18.372845852 -5.71703827133 72.3525185973 -0.179454396339
car 2 1 4.500668041732637 1343.674438 805.519226 1715.130859 1079.0 0.989025 2.076602 4.322858 4.24571717527 3.31570836034 22.6473674474 4.68598765881
trafficcone 0 0 4.600144864080545 1224.105957 364.902069 1235.902954 401.002106 0.73394 0.219425 0.317562 5.3164934364 -3.76127934232 61.7807001636 4.68598765881
trafficcone 0 1 4.586131914617007 1262.781738 404.576202 1275.165527 433.808288 0.508645 0.194198 0.349148 5.47865871009 -2.71649266837 54.6832542584 4.68598765881
trafficcone 0 1 -1.301313692691129 145.483337 325.412079 156.339813 357.16803 0.746753 0.146684 0.326227 -21.7036914354 -5.40604237601 71.1988489458 -1.59719764837
trafficcone 0 0 4.480479103544072 1562.338135 378.253021 1573.539795 415.677734 0.728452 0.133374 0.359515 12.4234886611 -3.33069052061 59.5989656674 4.68598765881
cyclist 0 0 0.04071369723603335 522.161621 611.185303 671.623352 764.734436 1.443278 0.802863 1.575073 -4.3762350174 1.87779603008 30.7672789172 -0.100575232274
cyclist 0 1 3.3030699032095483 182.403091 531.778503 314.700531 668.974182 1.50177 0.897651 1.444497 -9.52740896157 1.02014857073 35.5208877519 3.04101795889
trafficcone 0 0 4.595483589012396 1236.868286 377.980316 1249.10083 415.476227 0.730491 0.216002 0.318512 5.38095823158 -3.31544082353 59.2930067023 4.68598765881
trafficcone 0 1 -1.279329422150337 76.996521 410.198151 90.901596 449.186585 0.687304 0.12285 0.360912 -17.8882211604 -2.41412066004 54.3684476778 -1.59719154741
car 0 1 1.7646786188841073 404.000275 294.528656 502.727143 365.250244 1.279346 1.617734 4.250896 -13.5519542843 -5.31194580537 69.6548838637 1.57252064051
car 0 0 -0.015274053723147598 853.966858 453.420135 1151.789551 573.15802 1.438319 1.87139 4.428888 0.14803971286 -0.227597722993 42.1875345576 -0.0117649815107
pedestrian 0 0 2.9787033961126554 1367.19397 525.998779 1434.980591 668.646057 1.664391 0.555174 0.7409 5.245779965 1.06885213418 35.5761389381 3.12510068159
car 0 1 1.6386540234227494 739.070557 208.398773 794.197937 262.735077 1.564225 1.665684 4.367172 -8.11590975702 -10.944348189 99.5655966106 1.55732064889
cyclist 0 0 0.13219660575572528 260.694611 595.109436 407.227997 759.848206 1.573195 0.87518 1.432018 -7.37303666034 1.8409918824 31.1007958101 -0.100575232274
motorcyclist 0 0 3.3346431188284233 367.364716 347.313263 440.875122 428.176117 1.505515 0.823312 1.304866 -12.2293619484 -3.00017452054 57.5055196132 3.12510068159
trafficcone 0 1 4.408033492300606 1773.721313 400.860321 1787.052612 445.01593 0.807417 0.128814 0.325907 15.8435221763 -2.54218747391 55.5249435182 4.68598765881
trafficcone 0 1 -1.3454181556050717 276.946442 323.809052 287.592377 356.545167 0.769245 0.163535 0.315224 -18.2539655547 -5.40272955079 70.9613054361 -1.59719764837
pedestrian 0 1 1.3533612436817122 1501.753906 223.750397 1529.351806 287.701233 1.918514 0.713305 0.564562 16.9319605028 -8.93697878059 89.4397632054 1.54045843085
trafficcone 0 0 4.6139149025451625 1187.679199 322.112823 1195.746704 352.584777 0.714697 0.17028 0.303512 5.12010756685 -5.49549434332 70.9177687163 4.68598765881
trafficcone 0 0 4.444041518611467 1667.240356 390.210541 1680.33435 428.921479 0.718868 0.136579 0.391313 14.1350937815 -2.94313567595 57.2780301427 4.68598765881
car 0 1 1.7849266861080733 351.266541 270.466949 443.373322 338.241485 1.40617 1.58411 4.268801 -16.4835027662 -6.5207957189 76.6927157778 1.57321821492
trafficcone 0 0 4.5907156865875836 1250.359741 390.310699 1262.091553 423.035247 0.605746 0.194657 0.325777 5.45254928551 -3.04331264624 57.0581465634 4.68598765881
car 0 0 1.8042668231331511 282.483856 283.311005 395.398804 371.950074 1.698279 1.751071 4.278295 -16.3410155873 -5.13361953559 69.3174857366 1.5727521823
trafficcone 0 0 -1.311380093692395 174.477356 369.87616 187.718826 405.493897 0.713276 0.156154 0.37231 -18.0612296206 -3.65017274092 61.4615110219 -1.59719663154
car 0 0 1.6777548797550403 656.592285 292.945068 740.662414 374.155395 1.463316 1.568568 4.285876 -7.14650928827 -4.95921221027 67.547575099 1.57234736552
trafficcone 0 0 -1.3007529579040846 142.444611 383.367584 155.705063 420.76477 0.721338 0.147314 0.339284 -18.0024317388 -3.18966686207 58.9385889086 -1.59719663154
van 0 1 1.7028759450381978 569.038879 231.468582 660.188781 330.050751 2.211628 1.82895 5.084165 -10.5577904337 -6.8498802197 77.6074110349 1.56766498322
car 2 1 4.61880692711614 1054.383423 842.245361 1329.967774 1079.0 0.921123 1.793044 4.340572 1.50112647629 3.53223751021 22.3109727852 4.68598765881
cyclist 0 1 0.14607907833533526 225.068512 571.665283 362.636017 716.080139 1.467572 0.829427 1.420534 -8.31225725804 1.47641182364 33.0138222862 -0.100575232274
car 1 0 3.4729002554606843 0 387.012756 60.811829 503.324402 1.676472 1.859685 4.597263 -19.0893959807 -1.39865593925 48.8191034815 3.10015648009
car 0 1 0 754.634823864 197.066160968 807.056917061 246.471155275 0 0 0 0.0 0.0 0.0 0.0
car 0 2 0 722.276438279 230.933095997 772.058569948 277.094708999 0 0 0 0.0 0.0 0.0 0.0
car 0 2 0 675.662260444 277.547273832 748.072633781 346.337128502 0 0 0 0.0 0.0 0.0 0.0
motorcyclist 0 0 0 764.625758088 141.077926849 778.448307975 171.633037126 0 0 0 0.0 0.0 0.0 0.0
car 0 0 0 981.335756303 120.134833525 1007.52585083 145.23367411 0 0 0 0.0 0.0 0.0 0.0
car 0 0 0 920.035239924 101.364018205 937.752679447 117.064125505 0 0 0 0.0 0.0 0.0 0.0
car 0 1 0 969.398605813 113.968130012 988.975499384 134.05023374 0 0 0 0.0 0.0 0.0 0.0
car 0 1 0 1077.10209443 129.166274059 1106.20219945 152.446358079 0 0 0 0.0 0.0 0.0 0.0
pedestrian 0 1 0 1547.84024916 222.309525773 1566.17331533 274.689714819 0 0 0 0.0 0.0 0.0 0.0
pedestrian 0 1 0 1560.67339548 239.642609963 1574.03034369 274.999237569 0 0 0 0.0 0.0 0.0 0.0
trafficcone 0 0 0 1800.12550965 360.029237738 1811.18961209 381.248064319 0 0 0 0.0 0.0 0.0 0.0
trafficcone 0 0 0 1761.62849571 354.269841952 1772.69259815 376.549609861 0 0 0 0.0 0.0 0.0 0.0
trafficcone 0 0 0 1849.42593758 367.34185163 1860.70222828 388.07567646 0 0 0 0.0 0.0 0.0 0.0
cyclist 0 1 0 230.598522472 189.062782068 249.149839426 233.585942757 0 0 0 0.0 0.0 0.0 0.0
