car 0 0 1.604943181218032 799.262878 86.596703 826.061096 108.575478 1.299384 1.746481 4.29487 -12.9361074543 -29.737816415 159.422929659 1.52397723962
car 0 0 1.6772622148422405 658.9021 178.674881 709.815186 221.749542 1.283753 1.555863 4.266993 -12.495397898 -12.5054689142 89.6050615881 1.53870604714
van 1 1 3.7172830620604818 0 558.260681 297.145172 782.065002 1.765408 2.080156 4.497091 -10.4320052732 2.15508020925 24.7163882786 3.31789816486
cyclist 0 0 1.750614563907347 561.765442 123.842491 573.680969 153.957596 1.546099 0.28712 1.699558 -24.7883637749 -21.4126872586 128.357395434 1.55984317946
tricyclist 0 0 0.6333433407968347 12.042124 217.562485 105.079798 274.505615 1.725432 1.323 2.541096 -32.732686734 -8.90651492119 76.9842203394 0.231314345893
car 0 0 1.6317725663792897 761.757019 157.366745 808.90863 198.48439 1.383028 1.781457 4.296585 -9.14037200895 -14.6100959917 97.9296038011 1.53870604714
car 0 0 3.8998838725211606 1087.514771 185.796783 1212.072144 235.396957 1.353331 1.839151 4.4077 5.71856161425 -10.5147627014 78.6231683231 3.97248981683
motorcyclist 0 1 2.6760984714558314 1839.752686 175.019806 1906.810059 224.880982 1.354686 0.749407 1.746836 27.9681413044 -9.48777542406 69.3106809633 3.05963434449
car 0 0 4.497947321856678 1214.355591 163.643692 1276.516358 205.38858 1.266871 1.691934 4.242927 10.4890310623 -13.1869814596 90.0653009642 4.61388533846
car 1 1 2.628298759282598 1828.699097 196.190887 1919.0 269.249939 1.586594 1.789768 3.875173 25.5483232009 -7.25835393744 60.6281672334 3.02711081391
car 0 0 2.61713421368084 1896.779907 228.26297 1919.0 275.693024 0.834649 1.831009 4.230187 26.3397370972 -6.74143098235 57.4915060443 3.0467450276
car 0 1 2.6614495518070562 1753.795044 199.214615 1904.103394 259.121643 1.333686 1.799734 3.578333 24.2973874302 -7.8550263126 63.4595254942 3.02711081391
bus 0 0 0.19094658793752706 1290.425781 147.335236 1798.627563 319.225464 3.463235 3.04061 11.583028 13.4185091854 -5.47843736628 53.7543711492 0.435573579671
truck 0 1 4.66974072121123 999.3125 52.259853 1031.567993 94.504318 2.931708 2.236585 7.056588 2.03324744458 -34.0375617314 176.626220898 4.681251796
car 1 1 2.772941484486119 1823.562012 168.319946 1919.0 218.530212 1.306784 1.91054 4.042207 30.1487091827 -10.2337072595 72.8105295539 3.16551864566
tricyclist 0 0 0 107.226500508 232.340109071 206.935584592 277.958644273 0 0 0 0.0 0.0 0.0 0.0
car 0 1 0 796.12667576 71.2969044077 818.000642705 90.9080471862 0 0 0 0.0 0.0 0.0 0.0
car 0 1 0 854.666775037 65.5979398395 876.142652546 81.3119965531 0 0 0 0.0 0.0 0.0 0.0
car 0 1 0 874.047444984 62.1932275516 890.809105478 77.1215814295 0 0 0 0.0 0.0 0.0 0.0
