car 0 0 0.8407294154531392 975.877686 232.6353 1126.549317 295.65387 1.25054 1.809824 4.334984 1.69799037606 -6.75602822761 61.7293771333 0.868229487477
car 0 0 2.6171882952249987 1898.271729 232.383011 1919.0 280.792175 0.841816 1.836053 4.657721 26.6399200447 -6.64053016258 57.6213278397 3.05024628814
pedestrian 0 0 1.1911195674119317 1455.509766 160.618607 1470.05127 209.966019 1.687896 0.292962 0.651164 17.9431762954 -11.8560417454 83.0558906214 1.40388705342
car 1 1 2.6535993226543027 1831.107422 198.936844 1919.0 266.758789 1.475017 1.80304 3.404092 25.4082942773 -7.31396021244 60.6625591732 3.05024628814
car 0 0 1.702703617781769 456.323242 223.389969 531.923584 289.145172 1.439992 1.638472 4.214779 -15.2663733966 -7.58766190844 67.5943467157 1.48057760347
car 0 0 1.6566432695445978 795.045532 82.78183 820.84674 107.341576 1.512322 1.491185 4.207954 -13.5123848101 -30.3450155093 162.252306191 1.57355492536
cyclist 0 0 0.7728752172126804 1665.473267 165.302185 1693.931885 187.481125 0.736071 0.372192 1.088723 26.8941619381 -13.0029242907 85.2823979512 1.07835823142
car 0 0 0.3404938901035487 1315.568481 237.48735 1504.124389 320.067352 1.599654 1.82252 4.203362 10.4058147012 -5.36368439853 54.3550878781 0.529646656859
car 0 0 3.169571848118613 1531.442749 183.482544 1680.955811 233.356232 1.398676 1.872814 4.769774 20.8760204863 -9.90101624831 74.1323385436 3.44406803733
pedestrian 0 0 4.140788644517313 1777.923218 207.669006 1813.150269 282.547363 1.757709 0.537062 0.618634 21.1462675109 -6.44123140619 57.50148886 4.49318950516
bus 0 0 1.4739442226805082 732.523376 131.221222 838.120971 256.565582 3.13096 2.318714 12.15349 -7.13884200777 -9.83900120154 75.4506219344 1.3796089775
car 1 0 -0.19635185321098672 1864.935303 249.977417 1919.0 327.273468 1.424484 1.833308 4.951016 22.7826399529 -4.72282839132 49.9729341961 0.231397325917
car 0 1 2.6907657398646183 1735.666138 199.78096 1891.557373 261.529999 1.373355 1.810833 3.72942 23.7390139832 -7.75566779705 63.1676086717 3.05024628814
tricyclist 0 0 4.574647593500881 1210.084473 136.738922 1233.577271 171.751099 1.403708 0.837628 2.000334 10.9684848711 -16.5180430691 103.556604482 4.68017192874
truck 0 0 4.699576931961641 1012.335266 82.845161 1054.523315 149.670517 2.985044 2.155625 10.53795 2.39869670882 -20.9283823885 122.530481816 4.7191507582
cyclist 0 1 -1.136370580169832 1583.271484 142.380768 1606.934082 191.351731 1.676425 0.158302 1.700131 23.8266076865 -13.0198849629 86.1576278859 -0.866566983813
tricyclist 0 0 0.3331905164354918 14.225595 219.833527 103.712366 275.700409 1.621728 1.401537 2.413066 -32.7150602927 -8.90622965227 76.9808543716 -0.0686602947275
car 0 0 0 847.092258444 82.6309272924 872.554850341 106.820389594 0 0 0 0.0 0.0 0.0 0.0
car 0 0 0 967.694006208 64.6070497424 988.003454507 84.3102458532 0 0 0 0.0 0.0 0.0 0.0
car 0 1 0 1012.55666812 69.0023781056 1031.65361204 85.9774393703 0 0 0 0.0 0.0 0.0 0.0
tricyclist 0 0 0 105.951916448 225.048567245 207.464722817 278.790641206 0 0 0 0.0 0.0 0.0 0.0
pedestrian 0 0 0 1374.85221899 168.190679355 1388.82026941 208.34882429 0 0 0 0.0 0.0 0.0 0.0
