car 0 0 2.656859444034955 1897.943604 229.793198 1919.0 278.066956 0.869488 1.797289 4.250196 26.3746693235 -6.67382232978 57.4819207364 3.08703553448
motorcyclist 0 1 3.9833225377104697 1305.70105 166.384445 1337.658203 212.315872 1.573879 0.146596 1.686199 12.8544664704 -12.0418838281 84.8327927723 4.13370563909
car 0 0 4.6779214434388825 953.944336 115.410957 990.748291 150.959564 1.588618 1.863124 4.2417 -1.00451593055 -20.5920386082 121.947517245 4.66968434904
car 0 0 4.676544239650196 950.25769 188.795029 1001.013 234.554444 1.179414 1.678318 4.29303 -0.550687383795 -10.7976744431 80.2751496552 4.66968434904
car 0 0 -1.5700738162631083 873.849121 155.561493 915.994079 195.687592 1.351287 1.798187 4.248033 -4.26271544117 -14.7483323001 98.0961493447 -1.61350095814
car 0 1 1.6298056565189782 761.929016 162.466675 810.511169 207.988678 1.452575 1.731478 4.272624 -8.59392066503 -13.4451964879 92.5372482293 1.53720142497
motorcyclist 0 0 4.38499320601292 1649.437622 235.117767 1679.874023 314.601013 1.585116 0.046151 1.891148 16.1686250908 -5.23371685335 52.5043752535 4.68372583384
truck 0 1 3.3005655509295315 1336.191406 130.489716 1522.514892 234.24907 3.054925 2.533654 5.838862 14.9810119323 -9.9892011781 74.7110239701 3.49846051266
car 0 0 1.6587615692942685 699.447449 154.405899 745.342224 191.998978 1.325397 1.707496 4.268605 -12.5506122234 -15.5962422553 102.737058468 1.53720142497
car 0 0 1.3887567155627283 752.483582 210.351074 838.395447 275.763305 1.462809 1.878576 4.200575 -6.07592450191 -8.02193283349 68.0791559042 1.29974460741
car 0 1 1.6406856389603335 736.510071 185.462097 787.697693 232.786972 1.329671 1.614009 4.231277 -8.78029742604 -11.4192167514 84.5436420249 1.53720142497
car 1 1 2.730951375586597 1829.127319 195.738739 1919.0 269.157104 1.610288 1.792821 4.282762 25.7365316027 -7.2414623884 60.5602006713 3.13280029266
car 0 0 0.933324016310656 840.827087 240.991806 978.167114 307.624878 1.283611 1.350176 4.364011 -2.20387745315 -6.16889595446 59.0989642912 0.896049984014
car 0 1 4.618442683522505 1072.744751 193.857895 1133.164429 245.781723 1.263503 1.66397 4.276087 3.85203040579 -9.76376629541 75.1079876281 4.66968434904
tricyclist 0 0 0.3852756726619837 13.464944 210.930588 104.739236 275.686188 1.914798 1.538004 2.358933 -32.7122092757 -8.91311162819 77.0294651122 -0.0163165980422
motorcyclist 2 0 1.7470854770905695 0 354.064484 34.329216 454.983612 1.599522 0.643618 1.87403 -19.8043058836 -1.82208650256 44.0716492894 1.32475881413
bus 0 1 1.605779339060254 810.823792 65.718491 865.011902 142.845551 3.792822 2.669995 10.445808 -8.9087005256 -22.501650941 129.70255216 1.53720142497
car 0 1 4.676760659704807 953.699402 153.80983 996.271546 195.320999 1.363424 1.665422 4.249547 -0.673590647855 -14.3289927661 95.1879356609 4.66968434904
tricyclist 0 0 4.521425093152057 1326.286621 219.249786 1371.182617 265.435272 1.003305 0.805738 2.782639 10.6330030325 -7.85329348553 64.937938233 4.68372583384
car 0 0 4.639005956492779 1035.48999 123.983292 1079.568237 163.903901 1.634086 1.931075 4.236006 3.45087278734 -18.3870835709 112.450158606 4.66968434904
car 0 1 2.7704212063853655 1733.885864 200.802368 1908.404052 259.356781 1.286011 1.855246 4.253347 23.8878014772 -7.79173857653 63.0083099573 3.13280029266
car 0 0 4.602861958263268 1088.099976 222.151337 1169.851563 293.805847 1.371898 1.778582 4.464016 3.83008308414 -6.75280102203 60.8322759032 4.66574032413
tricyclist 0 0 0 106.881895456 225.737681527 207.451858423 277.908349816 0 0 0 0.0 0.0 0.0 0.0
car 0 1 0 780.392321744 147.844796763 829.716999762 187.78469091 0 0 0 0.0 0.0 0.0 0.0
