motorcyclist 0 0 1.710404171672014 540.296875 200.801819 558.565308 248.921784 1.468518 0.299964 1.825297 -15.9827527889 -10.0719622526 79.4306933051 1.51183933545
tricyclist 0 1 0.45555002580549653 66.671143 222.432373 161.008606 279.213409 1.644214 1.498604 2.477071 -30.4076939371 -8.67510318348 76.038661155 0.0751317481453
cyclist 0 0 -1.4750193554713118 1465.636719 161.946426 1474.38208 186.521316 0.840654 0.198219 1.513119 19.8947763816 -13.875846132 90.646302184 -1.25896798253
cyclist 0 0 1.8955918128909326 204.346649 230.485229 232.728134 289.303131 1.598434 0.210806 1.59647 -24.6908883753 -7.68808079341 70.1137027609 1.55699849642
cyclist 0 0 -1.4558068203419947 1421.902588 162.602112 1430.431885 188.151612 0.883062 0.16258 1.569157 18.2433148262 -13.9415863186 91.4813791123 -1.25896798253
bus 0 0 1.2919290291149477 643.538818 140.984344 822.415039 280.071197 3.116103 1.865917 13.055544 -8.15927440914 -8.28898018434 68.1033055163 1.17269005378
van 0 0 4.65558430035863 1011.702942 733.026611 1263.886841 1037.840332 0.803257 1.818487 4.354052 1.1188863804 2.9393952029 18.25877195 4.71678715654
car 0 1 1.6953122642098795 554.616516 186.383133 612.058227 232.050522 1.325488 1.670029 4.128155 -16.1581112846 -11.7786240986 87.0776780184 1.51183933545
motorcyclist 2 0 1.172689916665589 1877.746582 300.233643 1919.0 391.888245 1.365413 0.895041 1.854129 17.737541575 -2.83517290231 41.661973484 1.57519476265
cyclist 0 0 1.359198895956082 1460.863403 186.240494 1479.671264 237.515045 1.394297 0.189296 1.869695 15.5537263401 -9.34212376828 70.8861635176 1.57519435302
car 0 1 1.231866333559365 815.437012 193.739609 906.50232 250.620865 1.467027 1.916922 3.90443 -4.48640072859 -9.67207883727 75.7256564348 1.17269005378
motorcyclist 0 0 1.864987280304117 281.90976 222.717087 305.456238 268.898316 1.32234 0.140908 1.832092 -24.1357317131 -8.98054318776 75.8719618506 1.55699849642
car 0 0 1.739873822284167 440.309326 225.098648 520.503784 291.564575 1.429004 1.590433 4.247415 -15.4683285758 -7.41921890939 66.6534189903 1.51183933545
car 0 1 1.5634525952736287 790.528137 136.016815 835.985046 176.872543 1.23735 1.7174 4.240927 -7.09617416386 -13.8843359003 87.643090863 1.48266210491
car 0 0 4.508549345626902 1318.525879 689.376648 1623.234375 960.064636 0.71166 1.732759 4.58716 4.12799050187 2.58519735929 19.5360772714 4.71678715654
trafficcone 0 0 0.052636346524407546 331.575867 227.637085 343.566254 239.681793 0.412532 0.188324 0.41596 -26.002106438 -11.3025754047 87.046235052 -0.237642085088
trafficcone 0 1 0.05883472224286462 319.711243 226.809525 331.480561 239.740357 0.447347 0.15936 0.402356 -26.4176692528 -11.2733838402 86.849645417 -0.236449812271
car 0 1 1.6730047423011076 605.735779 163.409088 661.979798 202.472488 1.311396 2.031311 4.132249 -16.1071918069 -14.6109445901 99.0751825571 1.51183933545
cyclist 0 0 1.811039202662326 412.252014 181.768997 431.045929 226.586304 1.602681 0.259069 1.592654 -23.560031437 -12.3443416991 90.7374607202 1.55699849642
car 0 0 0.6697731245192878 1076.7771 214.466156 1224.05188 286.697388 1.599327 2.092589 3.735809 4.62874983775 -7.12762271612 63.2306625308 0.742846976209
motorcyclist 0 0 4.1333032273558095 1637.871704 212.126083 1679.847778 276.146209 1.528556 0.787438 0.693953 18.192942432 -6.84372221544 59.5570175028 4.42977171072
cyclist 0 0 0.9238730937229613 1666.418579 158.942764 1694.673706 188.550247 0.995057 0.393005 1.178315 26.934113805 -12.9762469166 85.3234913616 1.22964382559
car 0 0 -1.4598858070413696 604.654724 756.784302 873.91272 1046.157471 0.748751 1.728482 4.109094 -1.95546946864 3.05729279519 18.2896080291 -1.56639815064
motorcyclist 0 0 -1.5627001341056457 1069.996094 151.771149 1091.299561 198.062043 1.70723 0.866192 1.807204 3.90181409053 -13.9418649661 93.9907572536 -1.52121121353
car 0 2 0 809.684283537 120.976120266 846.968793101 154.774679748 0 0 0 0.0 0.0 0.0 0.0
car 0 1 0 826.174208329 110.765552222 861.185272187 143.048481234 0 0 0 0.0 0.0 0.0 0.0
car 0 1 0 840.508435062 97.1612531224 870.97260751 123.533223302 0 0 0 0.0 0.0 0.0 0.0
car 0 2 0 844.726939871 87.8738058947 870.871565479 112.755406112 0 0 0 0.0 0.0 0.0 0.0
car 0 2 0 853.092209645 84.7273581489 878.857927636 107.209210121 0 0 0 0.0 0.0 0.0 0.0
car 0 1 0 861.727261643 76.1226187602 883.57760092 96.8362351844 0 0 0 0.0 0.0 0.0 0.0
car 0 1 0 871.275733605 70.1358795136 897.102076814 92.5065852517 0 0 0 0.0 0.0 0.0 0.0
car 0 1 0 755.722475761 120.735832861 793.960013764 158.711469919 0 0 0 0.0 0.0 0.0 0.0
car 0 2 0 765.67471168 109.997894107 798.150428888 141.687908479 0 0 0 0.0 0.0 0.0 0.0
car 0 1 0 780.515765243 104.497974257 811.725627882 131.779322718 0 0 0 0.0 0.0 0.0 0.0
car 0 1 0 789.451922494 93.7612480071 811.731690404 113.161318024 0 0 0 0.0 0.0 0.0 0.0
cyclist 0 0 0 142.737300094 239.850586558 170.236899343 298.778299234 0 0 0 0.0 0.0 0.0 0.0
