car 0 0 1.3834424052034004 673.165771 197.122223 742.391479 257.014862 1.526033 1.520279 4.234628 -9.68156271493 -9.37933350145 74.9353490964 1.25495529381
car 0 0 0.7049339403006741 982.252441 224.210815 1124.272338 293.938293 1.501161 1.855444 3.640849 1.77740728166 -6.75742526517 61.69000629 0.733737887796
cyclist 0 0 4.4001157179255 1588.184448 234.524307 1616.38916 310.348755 1.557206 0.07431 1.828461 15.0751231545 -5.46598149672 53.9311983468 4.67268398425
car 0 1 1.6958013386074655 725.556946 128.08548 766.527527 161.35582 1.39592 1.599545 4.448125 -13.1792594213 -19.4610072441 118.277490559 1.58483248016
car 0 0 1.17641424580642 803.314575 197.185242 892.296997 257.712982 1.523053 1.39214 4.262499 -4.76774580871 -9.11255067701 73.0371787515 1.11122839186
cyclist 0 0 4.694829900055381 1464.146851 163.068146 1476.256348 183.324768 0.652338 0.446601 1.774167 19.8467592267 -13.9725415702 90.4006860531 4.91094343153
car 0 0 4.637728577548119 1013.88623 735.614502 1260.558593 1037.728882 0.808876 1.717807 4.301652 1.12722590441 2.97155073638 18.3801015882 4.69898046128
motorcyclist 0 0 4.563316716990262 1193.118774 112.319618 1207.838989 143.282013 1.496969 0.562687 1.67497 11.6437157727 -20.753224454 121.067095155 4.65919754348
car 0 0 1.8086541786760808 287.98233 305.169495 401.215728 393.815918 1.229044 1.354075 4.256207 -14.2536896523 -3.43590588189 48.5878371463 1.52330092964
car 0 1 1.6427146667422192 807.264526 129.337814 843.970214 164.291076 1.397418 1.51725 4.288 -8.41726261674 -18.3193882307 112.171337982 1.56781570409
tricyclist 1 0 0.7616249358208506 0 213.157135 68.324905 277.955841 1.998239 1.426694 3.160823 -34.642500423 -8.90457056081 77.8332020504 0.34286466026
car 0 0 1.676577547973624 693.038574 158.461563 740.458069 196.848892 1.307741 1.64655 4.213491 -12.4327112576 -14.9312740259 99.6789222822 1.55249078635
car 0 0 1.6353560205615945 463.292236 263.820007 547.248657 334.975982 1.180899 1.765008 4.209327 -12.4699168559 -5.32143167146 56.531937841 1.41825083832
cyclist 0 0 3.515863838307005 1468.186035 171.245132 1511.398071 220.563583 1.609755 0.476933 1.426972 18.203536394 -11.0252894177 79.7175981527 3.74036483466
car 0 0 -1.472729480743375 606.941223 754.228882 873.377258 1037.311768 0.66577 1.758443 4.227111 -1.9582905606 2.9850034693 18.3782459619 -1.57888374693
car 0 0 1.6330031140401318 757.370239 167.494568 805.824402 210.362854 1.336504 1.713898 4.442406 -8.8185364748 -13.3993872454 92.8187699894 1.53827932456
car 0 1 1.620260239699863 784.220703 145.703323 826.606201 184.345352 1.399255 1.73123 4.226912 -8.71816149385 -16.0470608461 103.527881776 1.53624769693
motorcyclist 0 0 1.776632292133025 580.065735 116.704514 596.190918 143.804612 1.462128 0.538672 1.806928 -24.9996744808 -23.279685328 135.995671389 1.59483495887
cyclist 0 0 4.644053910077575 1418.43103 167.023743 1431.193359 185.606964 0.597986 0.399764 1.761188 18.2168479664 -14.0737269392 91.6428070635 4.84027707117
car 0 0 4.521096161613908 1316.553467 688.468201 1623.769654 959.854615 0.72722 1.812672 4.594302 4.13152960273 2.59505663938 19.5930973036 4.72891819791
cyclist 0 0 0 1669.04399044 154.84491008 1698.0713452 189.328534535 0 0 0 0.0 0.0 0.0 0.0
pedestrian 0 1 0 1540.9395081 139.670869543 1554.68930772 185.503534957 0 0 0 0.0 0.0 0.0 0.0
car 0 1 0 819.14842806 118.373313849 852.431673183 149.474051095 0 0 0 0.0 0.0 0.0 0.0
car 0 1 0 830.424718757 106.551396183 863.526088223 134.196495957 0 0 0 0.0 0.0 0.0 0.0
van 0 1 0 836.062864106 94.5476028598 868.436730946 122.738329603 0 0 0 0.0 0.0 0.0 0.0
car 0 2 0 845.156646926 89.8188357932 874.074876295 112.735168501 0 0 0 0.0 0.0 0.0 0.0
car 0 1 0 853.159175808 81.6344312549 880.622399926 105.460142244 0 0 0 0.0 0.0 0.0 0.0
car 0 2 0 858.6154455 79.0881720652 884.805540023 99.8219968956 0 0 0 0.0 0.0 0.0 0.0
bus 0 1 0 859.706699439 44.7136730042 896.62745769 93.4563489214 0 0 0 0.0 0.0 0.0 0.0
tricyclist 0 0 0 100.445534509 224.4540054 207.552545069 280.647472208 0 0 0 0.0 0.0 0.0 0.0
