pedestrian 0 1 1.3211358986596462 1545.0802 138.192825 1559.088379 184.441253 1.734901 0.465718 0.249658 23.1117124777 -13.8129519999 89.9786476181 1.57255842246
cyclist 0 0 4.702732523853229 1507.658325 198.83519 1526.385742 263.044617 1.626195 0.487259 1.631843 15.6516790489 -7.86386596011 65.0217229715 4.93895309042
car 0 0 -1.4932135518340157 608.762085 754.291687 870.718994 1038.251587 0.655418 1.796348 4.21841 -1.95643332856 2.97338841773 18.3162306372 -1.5996242756
car 0 0 1.8514248929562471 305.061462 284.67276 400.733795 365.231293 1.315677 1.143178 3.562114 -15.0789843565 -4.21080646127 52.0016543473 1.5691939972
tricyclist 1 0 0.7670332894081029 0 214.796249 53.129845 277.700439 1.951306 1.290753 2.414375 -34.8340347706 -8.90188032985 77.8272876306 0.346192616406
car 0 0 1.4438436895238778 656.311157 203.770309 720.846618 258.877471 1.372158 1.620382 4.242152 -10.4416863382 -9.41366476695 75.6512034278 1.30668622635
car 0 0 1.7483208186422265 564.976685 184.577606 621.431458 228.63182 1.261606 1.389219 4.474883 -15.862691105 -11.9849039158 87.6064676939 1.5691939972
car 0 0 0.3766679656049581 1176.90271 238.196228 1350.29126 313.325867 1.499462 1.92145 3.975685 7.03194445381 -5.69816768305 56.2604381836 0.501012278926
motorcyclist 0 0 1.9336283010667557 121.873611 391.766449 181.721283 501.702576 1.408259 0.054408 2.198365 -14.4329097794 -0.871300415958 37.83459299 1.5691939972
car 0 1 1.6626670514179716 765.176819 114.267754 795.597534 144.504624 1.414586 1.325888 4.351867 -12.31402676 -22.0431639684 128.537645263 1.56715759299
car 0 0 0.08860699549051926 1555.248657 214.440521 1731.866577 290.873413 1.642892 1.96202 4.218143 17.1719271449 -6.33947730191 57.5379151287 0.37863695864
car 0 0 1.6329633967632384 708.102966 152.757004 755.546814 193.091004 1.412098 1.843363 4.197034 -11.8717457441 -15.2544672436 100.771146878 1.51569494732
motorcyclist 0 0 4.436606346896511 1280.988403 154.10051 1300.555908 196.657959 1.538624 0.3532 1.765102 12.5991216548 -13.6445206534 91.6779253128 4.5731789275
car 0 0 0.9375114430269988 780.32782 214.006927 902.003906 283.083892 1.598156 1.212047 4.430554 -4.48987961466 -7.49625841541 65.7211408326 0.869300301936
bus 0 1 1.4901464034734022 861.613647 44.368484 895.991149 91.332283 3.446274 1.871946 11.705202 -9.49453378238 -36.1689522592 186.21068555 1.43920239542
car 0 1 1.6812051902612009 609.504578 165.538498 662.770386 205.582398 1.327371 1.824752 4.215046 -15.7939731411 -14.2938768578 97.7772173671 1.52105828393
car 0 0 4.485525389271932 1318.189209 693.557434 1623.747681 952.793213 0.594415 1.639881 4.621492 4.1272713976 2.5175100158 19.5216123003 4.69387781186
cyclist 0 0 0.835828243675754 1668.84375 158.325241 1701.758667 187.776199 0.982547 0.389667 1.350425 27.043929132 -12.9711616592 85.087714103 1.14356686494
cyclist 0 0 2.6946272172470582 1815.247437 159.617859 1866.110718 212.295944 1.662631 0.428377 1.574353 30.3203468092 -11.0755905063 78.0201418166 3.065286693
car 0 0 4.622977229292944 1012.471375 731.211548 1259.399659 1034.597412 0.79374 1.651285 4.366238 1.11340389485 2.92776411097 18.3554235283 4.68356103158
car 0 0 1.7915571938432227 451.474487 228.183365 535.867248 288.353272 1.277284 1.57112 4.291121 -15.3302545839 -7.63414964731 67.8023514372 1.5691939972
bus 1 0 -0.3666502276928614 1846.317505 140.930038 1919.0 328.029663 3.2831 3.022428 12.869139 25.7613703543 -4.64641900988 47.6522447922 0.128956664125
car 0 1 1.674462745683154 732.965393 129.954163 774.984497 169.997284 1.6569 1.663713 4.263916 -12.2501879803 -18.2988610837 113.72365357 1.56715759299
car 0 1 1.6021650711256938 775.821289 152.001694 823.863831 193.164688 1.412289 1.971818 4.227461 -8.58864292285 -14.9989475284 99.0629260731 1.51568246455
cyclist 0 0 0 115.893408262 251.301350178 147.572946596 314.283289486 0 0 0 0.0 0.0 0.0 0.0
tricyclist 0 1 0 106.464974234 224.901734899 206.029237571 285.620850041 0 0 0 0.0 0.0 0.0 0.0
pedestrian 0 2 0 128.71607854 224.524597538 149.835770763 280.718064346 0 0 0 0.0 0.0 0.0 0.0
car 0 1 0 794.884154865 133.90626707 835.478801375 170.310498457 0 0 0 0.0 0.0 0.0 0.0
car 0 1 0 811.951366462 121.596922644 846.653241705 154.334540798 0 0 0 0.0 0.0 0.0 0.0
car 0 1 0 827.010670813 114.176395863 858.002282665 145.168007715 0 0 0 0.0 0.0 0.0 0.0
car 0 1 0 836.977456784 101.59060044 868.07819403 127.416943649 0 0 0 0.0 0.0 0.0 0.0
car 0 2 0 840.251218599 91.5874393372 870.07882625 117.231906891 0 0 0 0.0 0.0 0.0 0.0
car 0 2 0 851.163757984 86.8586722706 876.444474224 109.593129322 0 0 0 0.0 0.0 0.0 0.0
car 0 1 0 856.074400707 77.4011381374 882.082619573 99.9537195319 0 0 0 0.0 0.0 0.0 0.0
car 0 1 0 777.154915878 100.710322263 803.781511976 126.682165998 0 0 0 0.0 0.0 0.0 0.0
