cyclist 0 0 4.694853881957768 1525.1521 186.92836 1547.481446 251.545761 1.726603 0.604098 1.751249 17.0865149991 -8.61835564092 68.4809560063 4.93936900142
motorcyclist 0 0 4.5502876717772 1208.082031 118.846008 1221.229248 156.605438 1.713685 0.370365 1.917739 11.6558245077 -18.8237376207 113.532733875 4.65259411729
car 0 0 4.700366855691607 960.390381 103.533478 991.810852 131.394043 1.37149 1.853312 4.332173 -0.884731275355 -23.9513232427 135.294456712 4.69382764717
car 0 1 1.6158126173850953 743.241394 184.438644 791.981262 232.701416 1.343068 1.603285 4.401217 -8.5223141431 -11.3709536371 84.1030856482 1.51482555991
trafficcone 0 0 -1.565993241416014 331.623444 227.260635 343.347413 243.62117 0.562846 0.39701 0.321489 -26.0022284958 -11.1625767977 87.0594438252 -1.85623135091
trafficcone 0 1 -1.5560515019828327 308.000122 226.670364 319.518829 242.657638 0.552568 0.383965 0.256717 -26.8501746925 -11.155060666 86.7440531919 -1.85623135091
pedestrian 0 0 0.9946588669940515 1372.968506 168.270432 1386.529053 212.232361 1.528149 0.420224 0.263479 14.9246135887 -11.8691278352 83.7866842468 1.17093633456
cyclist 0 1 0.8334113114210226 1656.145996 158.578018 1696.085815 187.157379 0.935301 0.605369 1.508003 26.7359503459 -13.0273653592 85.2459706777 1.13732805468
tricyclist 0 0 0.4999864119287575 14.494615 214.131989 103.662836 273.546845 1.796517 1.098243 2.471051 -32.6732371276 -8.93342244738 76.9005067556 0.0982201657996
car 0 0 -1.5628613204898663 920.889648 77.430702 943.391479 99.408645 1.375749 1.626051 4.275526 -4.39494634634 -31.5720937868 165.831125278 -1.58935766001
car 0 0 0.011868282543698094 1563.929565 245.911682 1776.32434 333.192322 1.62253 2.027755 4.533999 15.6769141945 -4.688151094 50.5510570628 0.312583795686
truck 0 0 4.1668454759597395 1052.787598 129.670486 1179.53003 222.02742 2.92878 1.931725 6.192141 4.82263712499 -11.8277748321 84.3836928254 4.22393466643
car 0 1 4.6988218865537075 966.799072 83.125748 992.073852 108.166352 1.436596 1.666541 4.325756 -0.76266413026 -28.5161389787 152.707495654 4.69382764717
car 0 0 1.038618313157071 833.731934 218.68251 942.862793 275.379791 1.258384 1.337539 4.290079 -3.15643583903 -7.90486248321 67.2964229932 0.991749191481
car 2 1 1.9469821548084756 0 610.416992 166.65303 867.182373 1.133323 1.851156 4.502446 -10.2783978108 2.35775019623 22.8396568924 1.5241081227
car 0 1 2.724393951667773 1736.465698 201.360596 1891.655029 259.800293 1.298352 1.798462 3.733941 23.81822006 -7.81735692711 63.3424590072 3.08406117746
tricyclist 0 0 4.483992570000924 1312.38147 179.979614 1353.913452 227.983505 1.358731 0.819674 3.022389 12.3283331526 -10.7379815684 78.7000428686 4.63937940096
car 0 1 4.664135945666957 1030.676636 142.428833 1074.191773 182.543121 1.411413 1.769434 4.405016 2.85760221763 -15.7257678258 100.892134957 4.6924517153
car 0 0 2.6209957852972643 1897.903564 231.591644 1919.0 277.704986 0.808559 1.768081 4.244084 26.398912136 -6.69924760491 57.58201541 3.0508607469
car 1 1 2.6453408759298114 1829.990723 197.056076 1919.0 267.895874 1.526382 1.937456 3.868031 25.6707674562 -7.31336525138 60.7651114519 3.04505729571
car 0 0 1.329930726198637 761.750427 192.548584 833.207947 251.561356 1.526349 1.391164 4.497746 -6.71735572669 -9.7020652551 76.1094199147 1.24189964179
car 0 0 4.670415847253302 1024.70813 108.883911 1058.518433 138.382706 1.370364 1.776108 4.314813 3.00397542293 -22.3372493813 128.286871371 4.69382764717
car 0 0 1.668553887953258 710.547119 104.985466 746.195312 135.795425 1.568803 1.739512 4.308887 -16.4476302504 -24.0924977246 137.561817541 1.54955343954
pedestrian 0 1 1.7532600135831138 1454.669922 158.681244 1471.138184 211.212479 1.833512 0.522122 0.384196 18.0673311758 -11.8773520071 83.6092207758 1.96608023368
bus 0 1 1.6382462861875382 759.000427 96.710777 836.845398 195.197571 3.474425 2.563733 11.973564 -8.60655563233 -15.3118607361 99.8167551884 1.55223545795
tricyclist 0 0 0 106.524037077 224.249153811 207.617801934 278.200748528 0 0 0 0.0 0.0 0.0 0.0
cyclist 0 0 0 635.387471758 94.8906881181 645.077806731 118.199872243 0 0 0 0.0 0.0 0.0 0.0
car 0 0 0 1008.78542547 63.3239738394 1030.61050424 81.5115394802 0 0 0 0.0 0.0 0.0 0.0
car 0 0 0 963.316511365 64.3849151685 983.474396617 82.8756069032 0 0 0 0.0 0.0 0.0 0.0
car 0 1 0 885.773461504 62.3042576592 904.870405427 78.4911910795 0 0 0 0.0 0.0 0.0 0.0
car 0 1 0 848.670827597 64.6686411925 865.949014956 79.4005693615 0 0 0 0.0 0.0 0.0 0.0
car 0 1 0 863.22088011 61.2130037207 878.498435248 75.9449318897 0 0 0 0.0 0.0 0.0 0.0
cyclist 0 0 0 1416.63622472 159.789085692 1434.18358805 187.28868494 0 0 0 0.0 0.0 0.0 0.0
cyclist 0 2 0 1459.32607879 157.170076239 1477.13534307 186.502982105 0 0 0 0.0 0.0 0.0 0.0
cyclist 0 0 0 1371.33352191 169.538699173 1395.53316925 212.909495702 0 0 0 0.0 0.0 0.0 0.0
