cyclist 0 0 3.1603620623053557 1454.569336 175.515762 1501.327881 223.893081 1.547466 0.54639 1.587439 17.4258066958 -10.6914865791 78.1503843964 3.37975098613
car 0 0 0.6817557564474335 1033.739258 219.350037 1179.009522 285.371552 1.464594 1.812395 3.96072 3.38409115715 -7.22296585751 63.8634536944 0.73469572301
trafficcone 0 0 3.25448193299726 329.290283 228.662415 344.444183 243.139481 0.492618 0.283106 0.511712 -26.0457386171 -11.1874450772 87.1119071306 2.96395042601
car 1 0 2.6540650297833475 1841.971191 182.773636 1919.0 258.501251 1.747328 1.783419 4.34773 27.253869222 -7.8808748336 63.4603864548 3.05970954786
motorcyclist 0 0 1.7344925308556691 643.040344 147.880753 664.827209 187.526474 1.644754 0.659844 1.792511 -16.1799650147 -16.0889805351 105.365513084 1.5821224106
cyclist 0 0 4.460685172820348 1462.242798 158.659439 1476.722412 184.751526 0.908977 0.224351 1.445489 19.8597995953 -13.9336628038 90.6067805531 4.67645957482
car 1 1 2.6700097398903413 1810.569946 173.193481 1919.0 235.096756 1.554319 1.772527 4.247712 28.5983161644 -9.3177733635 69.632419193 3.05970954786
pedestrian 0 1 4.504789088853787 1336.183228 146.405609 1347.345704 190.529861 1.665386 0.349111 0.534042 14.6794239015 -13.7872931233 91.3099177383 4.66419000634
car 0 0 0 775.447631498 92.7119794332 807.882123558 121.963647505 0 0 0 0.0 0.0 0.0 0.0
cyclist 0 0 0 1418.11532184 159.546400875 1431.2103691 186.172996973 0 0 0 0.0 0.0 0.0 0.0
pedestrian 0 1 0 1348.35976691 143.544754342 1360.48481067 189.165231491 0 0 0 0.0 0.0 0.0 0.0
