bus 0 1 1.638717922787139 838.115479 49.783432 886.253785 108.479439 3.615867 2.664359 10.330906 -9.22849940415 -29.8601789885 159.382552052 1.5808809334
car 0 1 4.658426965645862 948.142517 233.132477 1025.332153 309.274018 1.418455 1.813806 4.326658 -0.114611002988 -6.17562589299 59.0201981843 4.65648507351
car 0 1 0.5847292898419802 1164.254883 223.215836 1324.254761 282.785828 1.238184 2.131486 4.052201 7.28231907202 -7.1866597301 62.8012793098 0.700171840166
car 0 1 1.662121352663239 735.37616 172.846222 795.50055 230.44458 1.717374 1.868747 4.265348 -8.70865064216 -11.6009030607 85.244628142 1.56031385686
cyclist 0 0 0.9632140493840244 1667.37439 164.842743 1692.943726 187.019394 0.728743 0.402421 1.052965 26.8814673917 -13.0081782676 85.1852070166 1.26888876298
car 0 0 4.676009200930045 850.475464 262.688507 924.861511 334.403412 1.127942 1.66065 4.373482 -2.58852188944 -5.18297325294 54.7464213837 4.62876235905
car 0 0 0.17949024471536473 1595.316284 223.232162 1759.891357 294.065856 1.434284 1.965296 3.690491 17.7316811389 -6.16618255644 56.4728647223 0.483728208223
cyclist 0 0 4.5329509417246125 1463.765137 159.030258 1477.072266 187.565643 1.008531 0.267869 1.506729 20.1425344394 -13.998090594 91.7209443723 4.74912607814
truck 1 1 2.78804310479615 1731.519409 119.060448 1919.0 223.676209 2.91302 1.901901 5.978168 27.8333019334 -10.030870823 72.281022199 3.15561349615
car 0 1 -1.5573397171023733 896.741821 208.811905 961.174865 274.139923 1.466066 1.903058 4.243961 -1.87069134283 -8.11144540516 68.4441794432 -1.58466454959
car 0 0 4.650544342800839 981.319275 292.963989 1070.607788 374.902649 1.092166 1.700759 4.436574 0.767060841125 -3.85587680654 48.915636777 4.66622435898
tricyclist 0 0 0.5348498107559142 7.979025 212.067688 99.214262 274.506073 1.887442 1.313366 2.425128 -32.9280544209 -8.92766512174 77.0629044503 0.13104280285
pedestrian 0 0 1.5550814109308913 1496.922241 145.300095 1512.526001 193.672348 1.749932 0.558665 0.240516 20.3556438185 -12.9411941675 86.5444770262 1.78608708746
car 0 0 4.595298656899076 1083.151367 227.383133 1167.377807 302.265808 1.429113 1.797661 4.28672 3.66836434042 -6.43060708527 59.8620040691 4.65650246728
car 0 0 4.618338056373641 1154.807861 310.268738 1265.140625 402.61084 1.066186 1.802491 4.692162 4.43301638898 -3.06261474343 44.6254926769 4.71735142454
car 0 0 2.6633344212090906 1897.575684 232.278717 1919.0 281.970306 0.930774 1.72058 3.632048 26.0412932335 -6.56275885682 57.4715390794 3.08877687075
car 0 1 1.6538144967489197 809.94696 115.991821 849.923034 150.312103 1.510012 1.798264 4.290717 -8.8447193655 -20.4766525655 121.05580491 1.5808809334
cyclist 0 0 4.176593086188403 1370.012573 167.023819 1394.240112 212.267014 1.523505 0.058888 1.701499 15.105221526 -11.9783096071 84.311495165 4.35387196911
car 0 1 2.68035030695374 1738.480835 198.253738 1888.087402 260.439178 1.404215 1.62987 3.634529 23.7659862343 -7.78621130191 63.2540998842 3.03975421938
car 0 0 4.551168670595341 1196.307739 424.89035 1363.651123 575.44049 1.164921 1.743094 4.276185 4.14436773415 -0.062191945186 31.8658440213 4.68049946952
motorcyclist 0 0 1.853063336705459 316.229462 227.561768 345.599427 275.069031 1.322585 0.338369 1.883325 -22.4222280666 -8.62811703924 74.4778226273 1.56063515194
cyclist 0 0 4.499298642887533 1419.438477 162.406952 1431.456055 184.841477 0.762781 0.13609 1.690659 18.211886278 -14.0724961207 91.4889206948 4.69579126291
car 0 0 1.5291906259182413 747.499207 198.810944 808.895691 252.806549 1.320238 1.876373 4.362865 -7.35403714718 -9.62896700786 75.7294607 1.43238483504
car 1 1 2.6477190850017958 1829.5802 194.685257 1919.0 269.055023 1.650384 1.653474 3.496515 25.3550141774 -7.24465384988 60.6129295385 3.04390989953
car 0 1 1.6607311146795207 793.520569 137.706818 835.800293 173.43393 1.386699 1.693873 4.244501 -8.8173360885 -17.5753650926 110.188706498 1.5808809334
tricyclist 0 0 0.4505654954397018 108.882462 224.318695 207.591294 277.315582 1.572976 1.0151 2.924041 -29.0608939094 -8.76853064585 76.5262721536 0.0876364783785
tricyclist 0 0 4.423584185574841 1439.266724 260.023346 1509.108887 336.906555 1.372569 0.931052 2.378416 11.2284901284 -4.64160616592 50.8534480561 4.64089834482
car 0 2 0.5952785725033503 1158.567139 213.720642 1278.345703 266.684204 1.240067 1.686474 3.239994 6.95839673022 -8.02737523118 66.7038020969 0.699220463841
car 0 1 0 827.179357399 104.087140838 859.702261235 130.610674064 0 0 0 0.0 0.0 0.0 0.0
car 0 0 0 813.239767159 77.9004143828 836.710989022 98.9508375781 0 0 0 0.0 0.0 0.0 0.0
