car 0 0 0.01557461155576012 1587.355225 220.287857 1780.774781 299.399597 1.649633 2.065228 4.559783 17.6885625427 -5.95374978222 55.8512892679 0.322288698907
car 0 0 4.611783884350042 1154.39917 328.584381 1280.296143 441.044525 1.228614 1.885631 4.665167 4.20853764185 -2.21002259645 41.0797233871 4.71387575871
car 0 1 1.131229953396426 834.187439 207.143524 938.759155 263.756042 1.355065 1.915555 3.932297 -3.43028534916 -8.80988929268 72.0109241615 1.08363031067
motorcyclist 0 0 1.8055088040882319 486.24527 159.740082 506.719544 195.000488 1.446521 0.450465 1.822144 -23.7599979268 -15.7447312643 105.317020802 1.58361902737
pedestrian 0 0 4.557624492585131 1374.66626 168.085876 1391.418213 209.430053 1.416879 0.535151 0.585202 15.0571191498 -11.9854686038 83.8250890523 4.73535460949
car 0 0 2.5756340766343984 1875.470947 229.212677 1919.0 277.211365 0.791812 2.011191 4.847803 26.1217723286 -6.74223207304 57.5504306155 3.00172120431
tricyclist 0 0 4.386902021989221 1589.846191 311.420044 1681.912109 408.691559 1.362129 0.865255 2.642281 12.3828756264 -2.63004794315 42.0886181278 4.67303809613
car 0 0 -1.5278375874058192 842.191711 341.383667 949.272888 449.424377 1.179169 1.768641 4.347267 -1.70022793723 -2.03623840825 40.9735403876 -1.56930954847
car 0 1 1.6759974951660432 783.261841 146.976074 832.14148 184.8479 1.358788 1.814499 4.294994 -8.61914684031 -16.0498068368 103.664776134 1.59304388479
car 0 1 1.6746257566830844 801.377991 125.073479 842.515686 162.292511 1.546962 1.658502 4.281918 -8.80529274246 -18.8493367301 114.832052223 1.59809576822
car 0 0 1.5816761155485963 658.808411 189.363419 704.133789 235.711258 1.265414 1.592563 4.312156 -11.7524696184 -11.1810968121 83.4999144376 1.44184635065
tricyclist 1 0 0.6635367035252111 0 212.290939 75.75827 275.886932 1.95777 1.393721 2.221415 -33.8759001283 -8.92324824101 77.5221244653 0.251559747911
car 0 0 -1.5045639437111666 707.790405 609.95575 893.786804 806.099427 0.718488 1.662095 4.289933 -1.93092348137 1.93642226971 23.4959877386 -1.58656066862
car 1 0 -0.209750685061869 1845.381958 248.637787 1919.0 338.36435 1.625189 1.815006 4.766798 21.6133956771 -4.34672924691 48.3822956763 0.210373219399
car 0 0 0.7689710162548842 1001.127502 226.735428 1138.027587 288.66153 1.316716 2.005813 3.545566 2.29329093712 -7.08640521155 63.3471119374 0.805157194352
car 0 0 0.9959495139733134 814.022766 226.998138 931.367676 285.73648 1.266486 1.787296 3.594614 -3.50797732977 -7.36382222362 65.1208934875 0.942132837847
car 0 0 4.6856427176697935 994.955505 382.258545 1114.121948 517.127075 1.266303 1.79079 4.225146 1.0046133572 -0.837789207458 35.5734408532 4.71387575871
car 0 0 4.495625731127871 1342.822998 737.126526 1644.755005 1005.87738 0.5456 1.570673 4.52883 4.17889852236 2.80054329537 18.8423142248 4.71387575871
car 0 1 1.6869227157888989 761.224243 173.092407 805.823364 216.186844 1.319952 1.303048 4.215355 -8.52075616263 -12.833384887 90.4965426633 1.59304388479
pedestrian 0 0 -1.2305731475468535 1570.541504 157.140091 1579.863037 204.27916 1.555868 0.106712 0.560504 21.3479195568 -11.5845273304 79.8264554988 -0.969259047521
car 0 1 2.769102323591325 1735.764771 201.368439 1895.822876 259.608582 1.294053 1.893675 3.850361 23.8726369044 -7.82505373171 63.3688228675 3.12938470073
cyclist 0 0 4.386819086317415 1463.724487 161.621582 1477.817138 185.318344 0.818598 0.081041 1.529648 19.9145504226 -13.9110751249 90.6091422962 4.60316451908
car 0 0 4.637451066099661 1025.619873 712.988831 1247.397461 958.998902 0.635484 1.682813 4.255017 1.23874444082 2.71831019943 19.9821441656 4.6993644031
car 0 0 1.6848851504202123 833.539734 99.578575 864.178894 126.869392 1.411029 1.422688 4.420241 -9.06669593899 -25.1394497876 140.528685651 1.62045597867
car 1 1 2.6124596279685277 1838.135498 199.254303 1919.0 261.029663 1.309574 1.91464 3.318039 25.627087559 -7.47909846163 60.7463382979 3.01167656972
car 0 1 1.316300793847407 783.700378 187.719391 852.663024 240.327408 1.420909 1.418968 4.278241 -6.25587209242 -10.4738726947 79.3862962382 1.23766038642
pedestrian 0 1 0 1524.55569467 143.858183647 1536.74136365 187.508341185 0 0 0 0.0 0.0 0.0 0.0
cyclist 0 0 0 1416.57684496 160.710054467 1434.47340955 187.336650565 0 0 0 0.0 0.0 0.0 0.0
car 0 1 0 844.27372294 86.5305389361 873.222264918 113.66032435 0 0 0 0.0 0.0 0.0 0.0
car 0 1 0 853.36750576 80.7711431498 883.376989068 102.596221919 0 0 0 0.0 0.0 0.0 0.0
car 0 1 0 866.098801709 71.8289233765 891.8645197 96.6852630855 0 0 0 0.0 0.0 0.0 0.0
car 0 1 0 854.276884042 65.1601493082 875.64727367 84.560219325 0 0 0 0.0 0.0 0.0 0.0
tricyclist 0 0 0 104.830680783 223.900627285 207.286330555 279.842669186 0 0 0 0.0 0.0 0.0 0.0
